3.836426919490710574e+00,3.837906827142592014e+00,3.839486282419742214e+00,3.841175885777736276e+00,3.842987785977897364e+00,3.844935965322882954e+00,3.847036588443140115e+00,3.849308431524226748e+00,3.851773414218724323e+00,3.854457263861693850e+00,3.857390351904685932e+00,3.860608757063573648e+00,3.864155630638718808e+00,3.868082970101331064e+00,3.872453952597116889e+00,3.877346049049358090e+00,3.882855246293617668e+00,3.889101873466396686e+00,3.896238802384169642e+00,3.904463247146168214e+00,3.914034170468585483e+00,3.942423626966679695e+00,3.977466307270748125e+00,4.012069747277763554e+00,4.046276738322904798e+00,4.080123222202638011e+00,4.113637374252798296e+00,4.146838767535830250e+00,4.179737694656107116e+00,4.212334724746670922e+00,4.244620565790292233e+00,4.276576286034831753e+00,4.308173923686850593e+00,4.339377483711273520e+00,4.370144288073874783e+00,4.400426615411123343e+00,4.430173541992909136e+00,4.459332881087866518e+00,4.487853114046711944e+00,4.515685213422303335e+00,4.542784274447251747e+00,4.569110893177922073e+00,4.594632253968977231e+00,4.619322912116484936e+00,4.643165276656048945e+00,4.666149811769523481e+00,4.688274982808435354e+00,4.709546975690702020e+00,4.729979218390424123e+00,4.749591732678573486e+00
3.835255076099302940e+00,3.836684444497412638e+00,3.838209110777551558e+00,3.839839161968703785e+00,3.841586153440527784e+00,3.843463378490012516e+00,3.845486197604131906e+00,3.847672443080091043e+00,3.850042919580418221e+00,3.852622027915389324e+00,3.855438548679594568e+00,3.858526635529829107e+00,3.861927086730498893e+00,3.865688991002162567e+00,3.869871884285903008e+00,3.874548615235408278e+00,3.879809211421809678e+00,3.885766186345364304e+00,3.892561965926370160e+00,3.900379507797131495e+00,3.909457859270898172e+00,3.923805912133222940e+00,3.960030038982814027e+00,3.995783420614136716e+00,4.031114908320644119e+00,4.066065966825390454e+00,4.100669597559131851e+00,4.134949337126104574e+00,4.168918422660403245e+00,4.202579218879590961e+00,4.235922994281329679e+00,4.268930115038336304e+00,4.301570695587948912e+00,4.333805707629040604e+00,4.365588508897905839e+00,4.396866715252450319e+00,4.427584309597872192e+00,4.457683863108847788e+00,4.487108740082563330e+00,4.515805167311675028e+00,4.543724069685903366e+00,4.570822601846791677e+00,4.597065336406229719e+00,4.622425097886484480e+00,4.646883454480025932e+00,4.670430894876750116e+00,4.693066724595171380e+00,4.714798717137123951e+00,4.735642552777780345e+00,4.755621075145970877e+00
3.834102111312865269e+00,3.835482282232605122e+00,3.836953636872821871e+00,3.838525767618414353e+00,3.840209658915742619e+00,3.842017942202089920e+00,3.843965206964592873e+00,3.846068382524349794e+00,3.848347209628518062e+00,3.850824827060550515e+00,3.853528506956242161e+00,3.856490584410232181e+00,3.859749643908723105e+00,3.863352049672599708e+00,3.867353943168376329e+00,3.871823885345218486e+00,3.876846404307613625e+00,3.882526839229817117e+00,3.888998079690274778e+00,3.896430142084983395e+00,3.905044104155427576e+00,3.915132931282557571e+00,3.941537748822967036e+00,3.978513733126708640e+00,4.015038818846383251e+00,4.051160864993975430e+00,4.086918513421243127e+00,4.122339989895454693e+00,4.157442079221032039e+00,4.192229390517642429e+00,4.226694021909321641e+00,4.260815712242845166e+00,4.294562531831956242e+00,4.327892118237512520e+00,4.360753412747262914e+00,4.393088805779463257e+00,4.424836561923446432e+00,4.455933373066940817e+00,4.486316883649214660e+00,4.515928045058195117e+00,4.544713183324236461e+00,4.572625700326677922e+00,4.599627367551376800e+00,4.625689207026914218e+00,4.650791981674802678e+00,4.674926334276476858e+00,4.698092620499006777e+00,4.720300479336070332e+00,4.741568178075620921e+00,4.761921763133711849e+00
3.832967742999147998e+00,3.834300031182063417e+00,3.835719519767292418e+00,3.837235324072840292e+00,3.838857878537276225e+00,3.840599177879928661e+00,3.842473071140640961e+00,3.844495622220861275e+00,3.846685554672278684e+00,3.849064804084368241e+00,3.851659209139104423e+00,3.854499383176430705e+00,3.857621823390116944e+00,3.861070336786778689e+00,3.864897894319522020e+00,3.869169072827401745e+00,3.873963317889091318e+00,3.879379375074768710e+00,3.885541419270354790e+00,3.892607709377752023e+00,3.900783095709310810e+00,3.910337574279096895e+00,3.921895828162665687e+00,3.960174395353096344e+00,3.997968816703234562e+00,4.035334364840899468e+00,4.072316282811284438e+00,4.108948350073329259e+00,4.145251626152647972e+00,4.181233514384968153e+00,4.216887282606263554e+00,4.252192153060607716e+00,4.287114030796151276e+00,4.321606882851031450e+00,4.355614717362279897e+00,4.389074051925769382e+00,4.421916713366378815e+00,4.454072783520028445e+00,4.485473501007890107e+00,4.516053946554338339e+00,4.545755374817518124e+00,4.574527102084926078e+00,4.602327908489922237e+00,4.629126957843241463e+00,4.654904271572020136e+00,4.679650812180984332e+00,4.703368236092368093e+00,4.726068369096547706e+00,4.747772445857033397e+00,4.768510144571834530e+00
3.831851702266193538e+00,3.833137398183295907e+00,3.834506437877768015e+00,3.835967476093359529e+00,3.837530416767505947e+00,3.839206641210742177e+00,3.841009286181573668e+00,3.842953584606853212e+00,3.845057285501558120e+00,3.847341174785563922e+00,3.849829725739346120e+00,3.852551917623658895e+00,3.855542274782203460e+00,3.858842198316527305e+00,3.862501691259636161e+00,3.866581621032139093e+00,3.871156727940860076e+00,3.876319689107704303e+00,3.882186706656062025e+00,3.888905347940362578e+00,3.896665797814409249e+00,3.905717426599286224e+00,3.916393901922875731e+00,3.940668911522488216e+00,3.979815979713219765e+00,4.018504459461911260e+00,4.056787330981625139e+00,4.094704959828534108e+00,4.132283558703479187e+00,4.169533999909532440e+00,4.206451150359106883e+00,4.243013873407980086e+00,4.279185789814560437e+00,4.314916819231297218e+00,4.350145443938935763e+00,4.384801560706339529e+00,4.418809727016977718e+00,4.452092573626988070e+00,4.484574150737802967e+00,4.516182998795614800e+00,4.546854781214117125e+00,4.576534376108414293e+00,4.605177386959793395e+00,4.632751087898735243e+00,4.659234859946587370e+00,4.684620195581426394e+00,4.708910350440437043e+00,4.732119707588308799e+00,4.754272899878368541e+00,4.775403718941523046e+00
3.830753732241744203e+00,3.831994104726490935e+00,3.833314087490432787e+00,3.834721890234928932e+00,3.836226904642090485e+00,3.837839920266623572e+00,3.839573387574904295e+00,3.841441740102224944e+00,3.843461791221404411e+00,3.845653225754138926e+00,3.848039213109534451e+00,3.850647177544099353e+00,3.853509773625352075e+00,3.856666132773432398e+00,3.860163472556590314e+00,3.864059198548006169e+00,3.868423686052525845e+00,3.873344017597824873e+00,3.878929091706627474e+00,3.885316743982542675e+00,3.892683895630615343e+00,3.901261383655084458e+00,3.911356255811142546e+00,3.923386384599298449e+00,3.960480723149533588e+00,4.000579443264578039e+00,4.040247228357475073e+00,4.079532265978689232e+00,4.118466986079942771e+00,4.157066559794808214e+00,4.195327995149210842e+00,4.233230015703405513e+00,4.270733845235720416e+00,4.307784932949236811e+00,4.344315552552628468e+00,4.380248111854123216e+00,4.415498933682418858e+00,4.449982226127576546e+00,4.483613955621204461e+00,4.516315368366938365e+00,4.548015966172385127e+00,4.578655819942015981e+00,4.608187184400936331e+00,4.636575447955698870e+00,4.663799501438425921e+00,4.689851632800582593e+00,4.714737051619386499e+00,4.738473124025801120e+00,4.761088366986395037e+00,4.782621224239376190e+00
3.829673586779966055e+00,3.830869885514245787e+00,3.832142181167039308e+00,3.833498253095570796e+00,3.834946997864273399e+00,3.836498633451374651e+00,3.838164948060933668e+00,3.839959604815578409e+00,3.841898516881588233e+00,3.844000311962516125e+00,3.846286911034562550e+00,3.848784254343209810e+00,3.851523219024610256e+00,3.854540788771065873e+00,3.857881559092691148e+00,3.861599695701682489e+00,3.865761514475962723e+00,3.870448929485770684e+00,3.875764137887951044e+00,3.881836106999695168e+00,3.888829752954466201e+00,3.896959250432759259e+00,3.906507877066749845e+00,3.917858548689110876e+00,3.939851140994805601e+00,3.981456438863197445e+00,4.022601370220296069e+00,4.063343427927767593e+00,4.103722551643397054e+00,4.143759234510961065e+00,4.183453310422527771e+00,4.222783662482973988e+00,4.261709017182760739e+00,4.300169877440049859e+00,4.338091518563468973e+00,4.375387847087670146e+00,4.411965825516924511e+00,4.447730112318362572e+00,4.482587562709229090e+00,4.516451278874830777e+00,4.549243977487810398e+00,4.580900542207224646e+00,4.611369731732308352e+00,4.640615103125800722e+00,4.668615271738861594e+00,4.695363654987695590e+00,4.720867837144756329e+00,4.745148654843642788e+00,4.768239054334024729e+00,4.790182730924937182e+00
3.828611029093548002e+00,3.829764486927789591e+00,3.830990446035650088e+00,3.832296269425532920e+00,3.833690374731566486e+00,3.835182427250989790e+00,3.836783575222780129e+00,3.838506738001133289e+00,3.840366960840956523e+00,3.842381854091243110e+00,3.844572140082899381e+00,3.846962338482529109e+00,3.849581631233712997e+00,3.852464962749849509e+00,3.855654451821817208e+00,3.859201222034091217e+00,3.863167802647162752e+00,3.867631320670536166e+00,3.872687812041446076e+00,3.878458151093132855e+00,3.885096378415537011e+00,3.892801681166338845e+00,3.901836104740941114e+00,3.912551561391771404e+00,3.925432491372372379e+00,3.961019642306046418e+00,4.003743410937222080e+00,4.046040908583259821e+00,4.087961159089130270e+00,4.129531242706860006e+00,4.170754685443385235e+00,4.211610934398393624e+00,4.252056139465377527e+00,4.292025321168235763e+00,4.331435838510404146e+00,4.370191910467679186e+00,4.408189820235397960e+00,4.445323363832218710e+00,4.481489102347642195e+00,4.516591035159762235e+00,4.550544415173104262e+00,4.583278556196483500e+00,4.614738614631915148e+00,4.644886441132825006e+00,4.673700674804503130e+00,4.701176281585217609e+00,4.727323718537024710e+00,4.752167848095468550e+00,4.775746653243230000e+00,4.798109743704245922e+00
3.827565830310865280e+00,3.828677665397258956e+00,3.829858621960497977e+00,3.831115660086478414e+00,3.832456733879343602e+00,3.833890973764633170e+00,3.835428908818607319e+00,3.837082739220438299e+00,3.838866671804622044e+00,3.840797335507951882e+00,3.842894298614442761e+00,3.845180716620154371e+00,3.847684149036060042e+00,3.850437596683704999e+00,3.853480829813943132e+00,3.856862104534921176e+00,3.860640405158554334e+00,3.864888410731047941e+00,3.869696477960990588e+00,3.875178082011144998e+00,3.881477400114597298e+00,3.888780131523654759e+00,3.897329353867043267e+00,3.907449479778876800e+00,3.919583726747158714e+00,3.939138220008024049e+00,3.983553396763515941e+00,4.027514800225659997e+00,4.071082462523510692e+00,4.114291620168610386e+00,4.157150589357396342e+00,4.199639923669643338e+00,4.241713150311544389e+00,4.283299202540962192e+00,4.324306451275463203e+00,4.364628030599664754e+00,4.404147991100366255e+00,4.442747729971531889e+00,4.480312147377414789e+00,4.516735056791222114e+00,4.551923512784502357e+00,4.585800886569539436e+00,4.618308689190421923e+00,4.649407287343472639e+00,4.679075753871619447e+00,4.707311128237111397e+00,4.734127328802096635e+00,4.759553872594712409e+00,4.783634450106852398e+00,4.806425312262099681e+00
3.826537767959644398e+00,3.827609185675685310e+00,3.828746459587808459e+00,3.829956159853499464e+00,3.831245791828453928e+00,3.832623967995294034e+00,3.834100617824677482e+00,3.835687245163659220e+00,3.837397245471024121e+00,3.839246298814746883e+00,3.841252859333833314e+00,3.843438768307533504e+00,3.845830026748391361e+00,3.848457775560936600e+00,3.851359548349591044e+00,3.854580886376342441e+00,3.858177440914237089e+00,3.862217741822965067e+00,3.866786893538682879e+00,3.871991589682718171e+00,3.877967048420982721e+00,3.884886822776493887e+00,3.892977045638045475e+00,3.902537745143186410e+00,3.913975849144882613e+00,3.927858311396947855e+00,3.961895525815694263e+00,4.007640824570842142e+00,4.052973067513940819e+00,4.097937600466831753e+00,4.142548925406451588e+00,4.186789426749252030e+00,4.230610013434866090e+00,4.273932848341576829e+00,4.316656056785006967e+00,4.358660033245749688e+00,4.399814756859846909e+00,4.439987419284594061e+00,4.479049674317331586e+00,4.516883924259319727e+00,4.553388235587529920e+00,4.588479691791862436e+00,4.622096208968894615e+00,4.654197025908044516e+00,4.684762204387592277e+00,4.713791514847227582e+00,4.741303030995839940e+00,4.767331631039133377e+00,4.791927444815723192e+00,4.815154152430645595e+00
3.825526624380689800e+00,3.826558819018746949e+00,3.827653718267239658e+00,3.828817515055857879e+00,3.830057280327205937e+00,3.831381124882651701e+00,3.832798397160853909e+00,3.834319926087375485e+00,3.835958320726576609e+00,3.837728341877103322e+00,3.839647365271972035e+00,3.841735962089246392e+00,3.844018630653045498e+00,3.846524724402183626e+00,3.849289636786049407e+00,3.852356325835324835e+00,3.855777293141894546e+00,3.859617179433364242e+00,3.863956211198743329e+00,3.868894846016259326e+00,3.874560146728218246e+00,3.881114717648043833e+00,3.888769554681066332e+00,3.897803077829557594e+00,3.908590291895162938e+00,3.921649216306641428e+00,3.938615443306865416e+00,3.986277929535930298e+00,4.033504376070260022e+00,4.080352678151334622e+00,4.126845302897554468e+00,4.172967430487897644e+00,4.218667430979946786e+00,4.263859925136086026e+00,4.308431309939567022e+00,4.352247270039454996e+00,4.395161524479605397e+00,4.437024923989694614e+00,4.477694029127563979e+00,4.517038442517809393e+00,4.554946400410915253e+00,4.591328405846501148e+00,4.626118964773264786e+00,4.659276725977395728e+00,4.690783486110277067e+00,4.720642570468543298e+00,4.748877025219190529e+00,4.775527876002788830e+00,4.800652477359179215e+00,4.824322779822783680e+00
3.824532185077475610e+00,3.825526341275080622e+00,3.826580163851810212e+00,3.827699481056064279e+00,3.828890943482270881e+00,3.830162176065083912e+00,3.831521964074594333e+00,3.832980481829718400e+00,3.834549575328092708e+00,3.836243113247381320e+00,3.838077425074251092e+00,3.840071850841819678e+00,3.842249434645018447e+00,3.844637804546704452e+00,3.847270295871126677e+00,3.850187395032180326e+00,3.853438609859310748e+00,3.857084914593548852e+00,3.861201981265488303e+00,3.865884507699000494e+00,3.871252110009395953e+00,3.877457507714551443e+00,3.884698173069348393e+00,3.893233396579832473e+00,3.903410140851827581e+00,3.915703738870104811e+00,3.930784795145128019e+00,3.963265383015845522e+00,4.012529989975123890e+00,4.061404279315836696e+00,4.109920960401043821e+00,4.158069293746652129e+00,4.205795299472914195e+00,4.253005184829738994e+00,4.299571861445236287e+00,4.345343945190430546e+00,4.390156275708188005e+00,4.433840825699094879e+00,4.476236901192677919e+00,4.517199728222635713e+00,4.556606823801656603e+00,4.594361904066081692e+00,4.630396438960104000e+00,4.664669271549681362e+00,4.697164930503813451e+00,4.727891330324204944e+00,4.756877450279216824e+00,4.784171327217213943e+00,4.809838363513398107e+00,4.833959658739252596e+00
3.823554237009915813e+00,3.824511530895046807e+00,3.825525566382869336e+00,3.826601819571326502e+00,3.827746534678113211e+00,3.828966866363425314e+00,3.830271054165454547e+00,3.831668637369536334e+00,3.833170721018153593e+00,3.834790306898789858e+00,3.836542707472720526e+00,3.838446066179612259e+00,3.840522014861982303e+00,3.842796508905991892e+00,3.845300894129644043e+00,3.848073278040744949e+00,3.851160304299307668e+00,3.854619467039507086e+00,3.858522157799279206e+00,3.862957723648737574e+00,3.868038951005899673e+00,3.873909612375361800e+00,3.880755091090481557e+00,3.888817761857462418e+00,3.898420006737209231e+00,3.910000004575995725e+00,3.924169852577293671e+00,3.941814674164549448e+00,3.989882562295426816e+00,4.040940943243396255e+00,4.091640255100024604e+00,4.141975550176956844e+00,4.191890846187146913e+00,4.241282954614574052e+00,4.290009209215054575e+00,4.337898316937348397e+00,4.384763086005250443e+00,4.430413580589612543e+00,4.474669310499493236e+00,4.517369329306054837e+00,4.558379507590072599e+00,4.597596699896656425e+00,4.634949976976260544e+00,4.670399493112331157e+00,4.703933838134853218e+00,4.735566818417912494e+00,4.765334474748153859e+00,4.793292787965489410e+00,4.819516040958461645e+00,4.844095370282718527e+00
3.822592566843349360e+00,3.823514166869159681e+00,3.824489697670860000e+00,3.825524295846375544e+00,3.826623813290515042e+00,3.827794949986012440e+00,3.829045417039874888e+00,3.830384137904437658e+00,3.831821498026404260e+00,3.833369656191876196e+00,3.835042934821986549e+00,3.836858311751863315e+00,3.838836043050624536e+00,3.841000455852891182e+00,3.843380962894693553e+00,3.846013367844221875e+00,3.848941554683589672e+00,3.852219688666616904e+00,3.855915106275185078e+00,3.860112146625186202e+00,3.864917293807673904e+00,3.870466189480518349e+00,3.876933395122958981e+00,3.884546343349998487e+00,3.893605931783997498e+00,3.904518113271426838e+00,3.917844532365671650e+00,3.934387777286790122e+00,3.965369953969921202e+00,4.018788890795231161e+00,4.071847608634611149e+00,4.124549236383560746e+00,4.176836365108379745e+00,4.228595306955455158e+00,4.279665313237610569e+00,4.329851743485425786e+00,4.378941560788573995e+00,4.426719281550091090e+00,4.472981614661434513e+00,4.517549388642155606e+00,4.560275874525507867e+00,4.601051182368203207e+00,4.639802980385208109e+00,4.676494299012541767e+00,4.711119559013904556e+00,4.743700106742530842e+00,4.774280370112207628e+00,4.802925257632431943e+00,4.829718727833514080e+00,4.854762805232011758e+00
3.821646959166531410e+00,3.822534026611042357e+00,3.823472328787131502e+00,3.824466675692424822e+00,3.825522541206764604e+00,3.826646186462853816e+00,3.827844811595697561e+00,3.829126743433331370e+00,3.830501668921025171e+00,3.831980927006183979e+00,3.833577875586456241e+00,3.835308355256643154e+00,3.837191278413515594e+00,3.839249381387569215e+00,3.841510189502912898e+00,3.844007261522557783e+00,3.846781802604387845e+00,3.849884766447384532e+00,3.853379612264573595e+00,3.857345948287485893e+00,3.861884394417449240e+00,3.867123157691773283e+00,3.873227083244351387e+00,3.880410412560595379e+00,3.888955330931974874e+00,3.899239980459505261e+00,3.911782709062259666e+00,3.927315570591132676e+00,3.946913348322430348e+00,3.994747817575975191e+00,4.050363766926119879e+00,4.105632620917082143e+00,4.160496447236205597e+00,4.214829825585542977e+00,4.268450912132225383e+00,4.321137533389383556e+00,4.372646168732694960e+00,4.422731393624099283e+00,4.471163544472571694e+00,4.517742867780514260e+00,4.562309071724302889e+00,4.604745908543735666e+00,4.644981128300734063e+00,4.682982804667682686e+00,4.718753546740398264e+00,4.752324338866218412e+00,4.783749555921300356e+00,4.813104036420991605e+00,4.840482096767257936e+00,4.865997389561289133e+00
3.820717194695406160e+00,3.821570883803519170e+00,3.822473227486993252e+00,3.823428722413197534e+00,3.824442479172863951e+00,3.825520336326470261e+00,3.826669000947438448e+00,3.827896222842634977e+00,3.829211011789729113e+00,3.830623909985339637e+00,3.832147335680745837e+00,3.833796019006910694e+00,3.835587557679809745e+00,3.837543129202611425e+00,3.839688408124717789e+00,3.842054752966323594e+00,3.844680749125255925e+00,3.847614223766932628e+00,3.850914890001356117e+00,3.854657836668385684e+00,3.858938167604246239e+00,3.863877230512303473e+00,3.869631099368278537e+00,3.876402362086277087e+00,3.884456969237855883e+00,3.894149227317295292e+00,3.905960605508293604e+00,3.920563228580336013e+00,3.938929853718597496e+00,3.968585698884289581e+00,4.026981187099907267e+00,4.085043170675218605e+00,4.142714566826372291e+00,4.199856856646658976e+00,4.256263459332751964e+00,4.311679546491269832e+00,4.365825444050754456e+00,4.418420456759903914e+00,4.469204279019834303e+00,4.517953852432737172e+00,4.564494366975503148e+00,4.608703972074847499e+00,4.650512638675118104e+00,4.689896458782650157e+00,4.726869374996472750e+00,4.761474701460868708e+00,4.793778603043152842e+00,4.823866816847768746e+00,4.851844468976794111e+00,4.877837353844462598e+00
3.819803048482270036e+00,3.820624506230382966e+00,3.821492155589301110e+00,3.822410193645695120e+00,3.823383382996767388e+00,3.824417156567830212e+00,3.825517747017038950e+00,3.826692347511843284e+00,3.827949312748955890e+00,3.829298411865315277e+00,3.830751148587031363e+00,3.832321168903001674e+00,3.834024783153820337e+00,3.835881638262496729e+00,3.837915587662438455e+00,3.840155822324965218e+00,3.842638347554863554e+00,3.845407918882558729e+00,3.848520589365825195e+00,3.852047074604074250e+00,3.856077218904325310e+00,3.860725961596878086e+00,3.866141386725252982e+00,3.872515753808354333e+00,3.880100978647963217e+00,3.889231121674521230e+00,3.900356585889126482e+00,3.914099066201070620e+00,3.931345355420604371e+00,3.953417970920030999e+00,4.001458304073980621e+00,4.062568538208735092e+00,4.123308839761248734e+00,4.183526097046716075e+00,4.242984568402707879e+00,4.301390471530261550e+00,4.358421017797801333e+00,4.413753745614096502e+00,4.467092573886746187e+00,4.518187969106863378e+00,4.566849673497660689e+00,4.612951479470747351e+00,4.656428588468685348e+00,4.697269168505202153e+00,4.735502702683188403e+00,4.771188321930845078e+00,4.804406175888257913e+00,4.835253754685218119e+00,4.863847035345368219e+00,4.890324062613188083e+00
3.818904288152821014e+00,3.819694653620199887e+00,3.820528866343112728e+00,3.821410838150358202e+00,3.822344999645933328e+00,3.823336395907964036e+00,3.824390804830248403e+00,3.825514884473604660e+00,3.826716357803672253e+00,3.828004245883523726e+00,3.829389164204067608e+00,3.830883701697072485e+00,3.832502908521204343e+00,3.834264927523383992e+00,3.836191816128987409e+00,3.838310621323225202e+00,3.840654791689526171e+00,3.843266038937793727e+00,3.846196799397790578e+00,3.849513497091475944e+00,3.853300879973954540e+00,3.857667800370911948e+00,3.862754961269885712e+00,3.868745398716642914e+00,3.875878918877643464e+00,3.884472575097301483e+00,3.894951018011432176e+00,3.907894154273936493e+00,3.924117110296517552e+00,3.944813877055600049e+00,3.973512345768112297e+00,4.037960280065437502e+00,4.102066707188683381e+00,4.165662320184368106e+00,4.228476816419862061e+00,4.290169677114354485e+00,4.350366419758622705e+00,4.408694868446733750e+00,4.464816958287521231e+00,4.518452952701504266e+00,4.569396254047765282e+00,4.617518181728875071e+00,4.662763324267825915e+00,4.705137431361744227e+00,4.744691172466730222e+00,4.781504063564109508e+00,4.815672887254144996e+00,4.847307509210324383e+00,4.876534114783561691e+00,4.903502426681485282e+00
3.818020672196194454e+00,3.818781075532280855e+00,3.819583101817161097e+00,3.820430392592438551e+00,3.821327063287150771e+00,3.822277789938778980e+00,3.823287916575974776e+00,3.824363589185688639e+00,3.825511924108431661e+00,3.826741221301081630e+00,3.828061236423522473e+00,3.829483530480211950e+00,3.831021922237213939e+00,3.832693077453307229e+00,3.834517280926430960e+00,3.836519453531094026e+00,3.838730498176862849e+00,3.841189087672098879e+00,3.843944045962790490e+00,3.847057524827445452e+00,3.850609244586189917e+00,3.854702156043630534e+00,3.859470004972743062e+00,3.865087471317321555e+00,3.871783888799599893e+00,3.879862204643743873e+00,3.889726211320833738e+00,3.901922025435972774e+00,3.917206109037564499e+00,3.936665807350611335e+00,3.961949129519675594e+00,4.010925913575082546e+00,4.078738208796453435e+00,4.146059965268878322e+00,4.212579695396807544e+00,4.277900488510645083e+00,4.341585563274547255e+00,4.403203273457598321e+00,4.462366018365742981e+00,4.518759418986913801e+00,4.572159677627081642e+00,4.622438333547711942e+00,4.669555015434021961e+00,4.713540493315153235e+00,4.754474228072472997e+00,4.792462181680328115e+00,4.827621029516701689e+00,4.860073238397043305e+00,4.889953465039690528e+00,4.917421431433238510e+00
3.817151948335460343e+00,3.817883509318364510e+00,3.818654590352817291e+00,3.819468578363389266e+00,3.820329291326415078e+00,3.821241056200132213e+00,3.822208805504336837e+00,3.823238197996853938e+00,3.824335770712656846e+00,3.825509132112138388e+00,3.826767209480824050e+00,3.828120568384025368e+00,3.829581828388571640e+00,3.831166208077564139e+00,3.832892244488278255e+00,3.834782748666056396e+00,3.836866081545732943e+00,3.839177864688924302e+00,3.841763280659383106e+00,3.844680170313084400e+00,3.848003201342962587e+00,3.851829466672731517e+00,3.856285977734238202e+00,3.861539661299494330e+00,3.867810696332258047e+00,3.875390471950405757e+00,3.884666443556478388e+00,3.896158474576204789e+00,3.910576496653955125e+00,3.928920898476982337e+00,3.952672672708726243e+00,3.984180475712595371e+00,4.053027383061956535e+00,4.124476209240587998e+00,4.195104414096626044e+00,4.264446674702071505e+00,4.331990778385319985e+00,4.397233606907155590e+00,4.459728783077894221e+00,4.519121915175961846e+00,4.575171134888110558e+00,4.627751890009628610e+00,4.676846435078629405e+00,4.722520573426703727e+00,4.764892841001667101e+00,4.804103795884612005e+00,4.840294132440015495e+00,4.873598528063936897e+00,4.904156667859703944e+00,4.932134828396669946e+00
3.816297852007987768e+00,3.817001678196578762e+00,3.817743044125707641e+00,3.818525098497702608e+00,3.819351380516160521e+00,3.820225889273838771e+00,3.821153169758219281e+00,3.822138420415080340e+00,3.823187628909124225e+00,3.824307745062039743e+00,3.825506903189936914e+00,3.826794710566424840e+00,3.828182625013282436e+00,3.829684453375363340e+00,3.831317014843489854e+00,3.833101030061117243e+00,3.835062320405440150e+00,3.837233433914550407e+00,3.839655857509859160e+00,3.842383031900741042e+00,3.845484457607335482e+00,3.849051267884123551e+00,3.853203744559189126e+00,3.858101363974835163e+00,3.863956096033853260e+00,3.871049917148631447e+00,3.879758097335558542e+00,3.890581467738745580e+00,3.904195101135603529e+00,3.921530747139063688e+00,3.943932312462950840e+00,3.973473078785233259e+00,4.024581146658150921e+00,4.100621981376559866e+00,4.175827119202275561e+00,4.249647823005483716e+00,4.321480181776670371e+00,4.390734825586771528e+00,4.456895223802579409e+00,4.519560348516878712e+00,4.578469267175664825e+00,4.633506208448728181e+00,4.684686107400820809e+00,4.732123232972700322e+00,4.775989152433077756e+00,4.816470127143079871e+00,4.853736280249684398e+00,4.887933223169703467e+00,4.919199619188749040e+00,4.947702057920906782e+00
3.815458104986490628e+00,3.816135289476584092e+00,3.816848156864981245e+00,3.817599634746483783e+00,3.818393003206050462e+00,3.819231955988366067e+00,3.820120676252242387e+00,3.821063931313898987e+00,3.822067192343033160e+00,3.823136787149365112e+00,3.824280097243601517e+00,3.825505814646399827e+00,3.826824279983092936e+00,3.828247931997728504e+00,3.829791910816147560e+00,3.831474874570259814e+00,3.833320113376430083e+00,3.835357078750731397e+00,3.837623493485907922e+00,3.840168270076681711e+00,3.843055547247170800e+00,3.846370253030355180e+00,3.850225711289036123e+00,3.854773908364331092e+00,3.860219103843042010e+00,3.866835510581312807e+00,3.874989939255216953e+00,3.885171187564409490e+00,3.898031072835731692e+00,3.914450484850442447e+00,3.935663367919042699e+00,3.963513769844223322e+00,4.001019136236328322e+00,4.074150139108599689e+00,4.154479895894114705e+00,4.233313105195598780e+00,4.309934043869269260e+00,4.383648893711145078e+00,4.453856865275509058e+00,4.520101930878607455e+00,4.582102737766016176e+00,4.639758512316222827e+00,4.693130044538428081e+00,4.742398030900093708e+00,4.787806069849898982e+00,4.829601449915213784e+00,4.867991099425616142e+00,4.903129111210791535e+00,4.935143165204394222e+00,4.964189499870959033e+00
3.814632414172299590e+00,3.815284032976392847e+00,3.815969601782023268e+00,3.816691844873860262e+00,3.817453803821188263e+00,3.818258890839967723e+00,3.819110954731190333e+00,3.820014363239601085e+00,3.820974107078658477e+00,3.821995932843785138e+00,3.823086514840910333e+00,3.824253679863264921e+00,3.825506704701432170e+00,3.826856714466579046e+00,3.828317221802820303e+00,3.829904864427479350e+00,3.831640423517573169e+00,3.833550241464993569e+00,3.835668208583105532e+00,3.838038559220040113e+00,3.840719812587728654e+00,3.843790312888964777e+00,3.847355957174189989e+00,3.851560816812662047e+00,3.856601396557112427e+00,3.862745150826696339e+00,3.870353589306377184e+00,3.879910264296838385e+00,3.892055654342681414e+00,3.907637947787102828e+00,3.927806926578197633e+00,3.954216657465592366e+00,3.989483316653506861e+00,4.044639645464578770e+00,4.130738570264355758e+00,4.215212650550340889e+00,4.297209595511233715e+00,4.375908768301154161e+00,4.450607477376130383e+00,4.520783833581157651e+00,4.586133887183613034e+00,4.646579512157904546e+00,4.702244429655404900e+00,4.753399714260016395e+00,4.800386925717837983e+00,4.843535732418594364e+00,4.883100308818821844e+00,4.919239376360775573e+00,4.952053932663081248e+00,4.981672190038047177e+00
3.813820470592375944e+00,3.814447579671956134e+00,3.815107029762110358e+00,3.815801360245645313e+00,3.816533395657594863e+00,3.817306291745995672e+00,3.818123592156088542e+00,3.818989299007398142e+00,3.819907961859262624e+00,3.820884791309780315e+00,3.821925805989587754e+00,3.823038025359299485e+00,3.824229726043372857e+00,3.825510787251535039e+00,3.826893162377317470e+00,3.828391530946838373e+00,3.830024210406784757e+00,3.831814444657640983e+00,3.833792241110411947e+00,3.835997007244773105e+00,3.838481348678783878e+00,3.841316538478479092e+00,3.844600345450621681e+00,3.848468081463827239e+00,3.853107797804023349e+00,3.858780341625332344e+00,3.865844248422917850e+00,3.874784273479069174e+00,3.886242128117653127e+00,3.901052918785641754e+00,3.920308452439371205e+00,3.945507278203177481e+00,3.978922216788350230e+00,4.024470577699621465e+00,4.104205770904828299e+00,4.195065246205066600e+00,4.283133338183314542e+00,4.367435156562724075e+00,4.447143764356488838e+00,4.521656834388926960e+00,4.590643993659559108e+00,4.654058796400431852e+00,4.712109813342248543e+00,4.765190365652795634e+00,4.813775431969701479e+00,4.858307010588966968e+00,4.899101722713160356e+00,4.936317689538385345e+00,4.970005395028964656e+00,4.988304205799508395e+00
3.813021948630696656e+00,3.813625580620083610e+00,3.814260067872671911e+00,3.814927783781208337e+00,3.815631358088537262e+00,3.816373716253466331e+00,3.817158127579150850e+00,3.817988264796493780e+00,3.818868278831448304e+00,3.819802893982287895e+00,3.820797530916940854e+00,3.821858468115567398e+00,3.822993057157756169e+00,3.824210014399851421e+00,3.825519822360222921e+00,3.826935290463133743e+00,3.828472349653554652e+00,3.830151193286398303e+00,3.831997934276791362e+00,3.834047035194626751e+00,3.836344895947275013e+00,3.838955165464436714e+00,3.841966583589335738e+00,3.845504429343578945e+00,3.849746839375741470e+00,3.854947079579927660e+00,3.861461776907384458e+00,3.869782631300949571e+00,3.880566036333448210e+00,3.894656433889806646e+00,3.913116458303119494e+00,3.937320940849600159e+00,3.969242467140270847e+00,4.012171930016555699e+00,4.074386724401555249e+00,4.172520208135742870e+00,4.267489247656786056e+00,4.358131137633421304e+00,4.443465873050671533e+00,4.522790383530483460e+00,4.595740952958214720e+00,4.662312954435295254e+00,4.722827723456931359e+00,4.777843204493554374e+00,4.828016384989480159e+00,4.873943719277180620e+00,4.916026667228979186e+00,4.954416713352032708e+00,4.985373486125294740e+00,4.970045455708260285e+00
3.812236505522695662e+00,3.812817666193434096e+00,3.813428318240415837e+00,3.814070688338876636e+00,3.814747234276235854e+00,3.815460678329756217e+00,3.816214047677448207e+00,3.817010723970668540e+00,3.817854505034739887e+00,3.818749682890477448e+00,3.819701144105462465e+00,3.820714501201641244e+00,3.821796267955733128e+00,3.822954097705619336e+00,3.824197113450392038e+00,3.825536373567496984e+00,3.826985540502700900e+00,3.828561856805643426e+00,3.830287591234982969e+00,3.832192209396321214e+00,3.834315666115247101e+00,3.836713433605965395e+00,3.839464193199360498e+00,3.842681527651044426e+00,3.846531362262619602e+00,3.851256972165562065e+00,3.857212243595558920e+00,3.864900095809296054e+00,3.875005851849461003e+00,3.888410174276200504e+00,3.906181156423646605e+00,3.929601589291729979e+00,3.960372973562410692e+00,4.001223234401022566e+00,4.057348794064168374e+00,4.147129658371737193e+00,4.250000027273884484e+00,4.347873033358738759e+00,4.439577374512563068e+00,4.524279770366402609e+00,4.601570691009682967e+00,4.671497974655790308e+00,4.734531125619464653e+00,4.791449166065722132e+00,4.843157934705797807e+00,4.890467587695534135e+00,4.933897050814499252e+00,4.973585687843629088e+00,4.964848848307856777e+00,4.952688584195512611e+00
3.811463781138661577e+00,3.812023445663232479e+00,3.812611357346272989e+00,3.813229615602097056e+00,3.813880529481191495e+00,3.814566645861791727e+00,3.815290783118215678e+00,3.816056071860518095e+00,3.816866004977899962e+00,3.817724500165516677e+00,3.818635979539947378e+00,3.819605473121230332e+00,3.820638756311156570e+00,3.821742536729356043e+00,3.822924714026998849e+00,3.824194749472840993e+00,3.825564203331910385e+00,3.827047532548920827e+00,3.828663297675855226e+00,3.830436020631854621e+00,3.832399086764493035e+00,3.834599331023750501e+00,3.837104336826042239e+00,3.840014053330508048e+00,3.843479079488229644e+00,3.847728569046524605e+00,3.853110085010294394e+00,3.860139199456969372e+00,3.869544435563051277e+00,3.882276024172179429e+00,3.899452989629764943e+00,3.922301262708371539e+00,3.952265317617396523e+00,3.991538198492273537e+00,4.044317738504468629e+00,4.119695723674360543e+00,4.230296233960161523e+00,4.336494594953148152e+00,4.435484079206444719e+00,4.526256546356608901e+00,4.608334511171705117e+00,4.681828461887549864e+00,4.747401069777337668e+00,4.806128044938305699e+00,4.859256761331957719e+00,4.907894446044198666e+00,4.952723168027036493e+00,4.955445430912243765e+00,4.945210042473528134e+00,4.936235663700687226e+00
3.810703398077979198e+00,3.811242507160696125e+00,3.811808735781921254e+00,3.812404075527889180e+00,3.813030710055432593e+00,3.813691038984681647e+00,3.814387705925072591e+00,3.815123631744046229e+00,3.815902054632511309e+00,3.816726579192771140e+00,3.817601237805308134e+00,3.818530569135841102e+00,3.819519721179019278e+00,3.820574590293006167e+00,3.821702014259488411e+00,3.822910048209389622e+00,3.824208370215739450e+00,3.825608893557966184e+00,3.827126713994712492e+00,3.828781608420906313e+00,3.830600453200333266e+00,3.832621192783088215e+00,3.834899437882007156e+00,3.837519517391046353e+00,3.840612956564523284e+00,3.844388807673223774e+00,3.849180998459349912e+00,3.855514106511843675e+00,3.864171911862715358e+00,3.876216009900613546e+00,3.892880923192771458e+00,3.915380430943500745e+00,3.944896627583469151e+00,3.983074886932594261e+00,4.033200154548872263e+00,4.102587852905588583e+00,4.207863512987771060e+00,4.323759020661052332e+00,4.431190513714613033e+00,4.528904288772458209e+00,4.616316234354798986e+00,4.693608030600644909e+00,4.761693445923539159e+00,4.822047056169749268e+00,4.876388185580482038e+00,4.926239536307128297e+00,4.941162853454275528e+00,4.932045829856526176e+00,4.926358521696887927e+00,4.920692790313018428e+00
3.809954962091250064e+00,3.810474418042290701e+00,3.811019978504472050e+00,3.811593546410602773e+00,3.812197203196219242e+00,3.812833229349886111e+00,3.813504128003289750e+00,3.814212652252412461e+00,3.814961837168807879e+00,3.815755037873741706e+00,3.816595975700249443e+00,3.817488795514915267e+00,3.818438138978089924e+00,3.819449241346105861e+00,3.820528064160040760e+00,3.821681484230970760e+00,3.822917573238179934e+00,3.824246026558639322e+00,3.825678842986985018e+00,3.827231434241284980e+00,3.828924483446532356e+00,3.830787129153427006e+00,3.832862525818740540e+00,3.835217700707024502e+00,3.837961172528868037e+00,3.841274315588232735e+00,3.845465580109992842e+00,3.851056595812533789e+00,3.858891166702858921e+00,3.870193154858267981e+00,3.886410344949795981e+00,3.908809919337417949e+00,3.938276162862555108e+00,3.975839948444440441e+00,4.023908220638723776e+00,4.088319681501604741e+00,4.183034080902287677e+00,4.309308116991918070e+00,4.426691873473293626e+00,4.532483702327971820e+00,4.625926234963135819e+00,4.707278671004579529e+00,4.777782773102257963e+00,4.839451567218114647e+00,4.894663957086532236e+00,4.922734419766935154e+00,4.912562655786184784e+00,4.908967651926664288e+00,4.908102576184610655e+00,4.906066553383796602e+00
3.809218062841412955e+00,3.809718725676508377e+00,3.810244585616780366e+00,3.810797475602770046e+00,3.811379397522979051e+00,3.811992540426540899e+00,3.812639300962915812e+00,3.813322306406041307e+00,3.814044440736588104e+00,3.814808874444148845e+00,3.815619099024493366e+00,3.816478967680721812e+00,3.817392744661245896e+00,3.818365167289282880e+00,3.819401527617601211e+00,3.820507785810410173e+00,3.821690736737226590e+00,3.822958268506831292e+00,3.824319783781129356e+00,3.825786915382209497e+00,3.827374784143096065e+00,3.829104274024024424e+00,3.831006249142783648e+00,3.833129537943948506e+00,3.835556315426654095e+00,3.838432043631312851e+00,3.842023379700440611e+00,3.846825010778524678e+00,3.853728283479992189e+00,3.864174594451375899e+00,3.879980379430688853e+00,3.902576198832203858e+00,3.932457962067785751e+00,3.969896692456023946e+00,4.016416296800938923e+00,4.076617809103945334e+00,4.161737776246246412e+00,4.292566583423837123e+00,4.421957181546552818e+00,4.537375214406285551e+00,4.637776189785135728e+00,4.723503746338107767e+00,4.796235998406754852e+00,4.858716696847941385e+00,4.902211228770041451e+00,4.887939909345191403e+00,4.883947397377747635e+00,4.885765606607540334e+00,4.890016990255455553e+00,4.892346418634089034e+00
3.808492275008307892e+00,3.808974958661393906e+00,3.809482033689990832e+00,3.810015280920991732e+00,3.810576644522728706e+00,3.811168248907414124e+00,3.811792417351016926e+00,3.812451692452562213e+00,3.813148858553826681e+00,3.813886966249034671e+00,3.814669359150502093e+00,3.815499703178541591e+00,3.816382018890754679e+00,3.817320717913271988e+00,3.818320645695514326e+00,3.819387135196553817e+00,3.820526080953219328e+00,3.821744052746919973e+00,3.823048487809551865e+00,3.824448040615496147e+00,3.825953251839348646e+00,3.827577870693336770e+00,3.829341533275724796e+00,3.831275303709457791e+00,3.833433379276728559e+00,3.835918322880472076e+00,3.838936259869205170e+00,3.842916696788510666e+00,3.848752308236266018e+00,3.858140517904348421e+00,3.873520387331947035e+00,3.896694632128410607e+00,3.927563636956948656e+00,3.965376295648697536e+00,4.010754995553338809e+00,4.067281615438710141e+00,4.144126282255911065e+00,4.263807847748516622e+00,4.416894654054389413e+00,4.544156876216841390e+00,4.652813185743543301e+00,4.743313688907456971e+00,4.817942119844631499e+00,4.880437969110386298e+00,4.860516495477320120e+00,4.853195456322489498e+00,4.854969881998407288e+00,4.861856128387942455e+00,4.871132094857736128e+00,4.879366592930369784e+00
3.807777159733783279e+00,3.808242628472484625e+00,3.808731777632508031e+00,3.809246352748699493e+00,3.809788260888240075e+00,3.810359587263711489e+00,3.810962613368852114e+00,3.811599836632236116e+00,3.812273991507054927e+00,3.812988071802211998e+00,3.813745353900873880e+00,3.814549420299120364e+00,3.815404182629032803e+00,3.816313903030772448e+00,3.817283212488867150e+00,3.818317124766663628e+00,3.819421045384020275e+00,3.820600777895138744e+00,3.821862537278438943e+00,3.823212998769653481e+00,3.824659454224998090e+00,3.826210250501587584e+00,3.827875925826806913e+00,3.829672041360751233e+00,3.831626147841276975e+00,3.833795047755562457e+00,3.836308484987566381e+00,3.839482508373770919e+00,3.844112011539954743e+00,3.852109282675360902e+00,3.866945474640959723e+00,3.891243377612392695e+00,3.923821070512463205e+00,3.962488302512485738e+00,4.007000206691844646e+00,4.060153242692633668e+00,4.129591225991567249e+00,4.233296885919301644e+00,4.411278227256448581e+00,4.553759787745251586e+00,4.672577362373480092e+00,4.768375686832139415e+00,4.844351547210754561e+00,4.833378194426940944e+00,4.819407183165571595e+00,4.818308621411895309e+00,4.825390689934914157e+00,4.836692413276519886e+00,4.849789425779230889e+00,4.863244347783517441e+00
3.807072266396561933e+00,3.807521231530541783e+00,3.807993253096065622e+00,3.808490056829658688e+00,3.809013531749353643e+00,3.809565747461103769e+00,3.810148973107325698e+00,3.810765697939781926e+00,3.811418653391819511e+00,3.812110836356546351e+00,3.812845533119687769e+00,3.813626343007762820e+00,3.814457200238026591e+00,3.815342391620340390e+00,3.816286566567707261e+00,3.817294734217167029e+00,3.818372240275182516e+00,3.819524713569958596e+00,3.820757969805482102e+00,3.822077859654096965e+00,3.823490055829301237e+00,3.824999804906631606e+00,3.826611767497248184e+00,3.828330355342871361e+00,3.830161797259438838e+00,3.832121618465476498e+00,3.834258974783739227e+00,3.836735937473469527e+00,3.840098881766257133e+00,3.846212399311554009e+00,3.860151398183357063e+00,3.886455581832012562e+00,3.921620991003599510e+00,3.961518988948268483e+00,4.005250725094694708e+00,4.055083293173024295e+00,4.117597280083067801e+00,4.207517651574294248e+00,4.361669638290705642e+00,4.567812207524110768e+00,4.699741718269413226e+00,4.801527241273625179e+00,4.808228082824026473e+00,4.785882898748021752e+00,4.778827130095421261e+00,4.783221236168698098e+00,4.795213376172392294e+00,4.810118184487333082e+00,4.825171758232203345e+00,4.836736777563162448e+00
3.806377134698119225e+00,3.806810251667762213e+00,3.807265879395236752e+00,3.807745737726909496e+00,3.808251714771948571e+00,3.808785885814234717e+00,3.809350534286084944e+00,3.809948174885760874e+00,3.810581578830907645e+00,3.811253801086463611e+00,3.811968209152963638e+00,3.812728512595537023e+00,3.813538791852428833e+00,3.814403523857435641e+00,3.815327600447905088e+00,3.816316333110620018e+00,3.817375433889090619e+00,3.818510956563983427e+00,3.819729173560040714e+00,3.821036351173151768e+00,3.822438367409609405e+00,3.823940093186247502e+00,3.825544435723593928e+00,3.827250954475343470e+00,3.829054126683023807e+00,3.830942121212248530e+00,3.832900186357753203e+00,3.834936978382724959e+00,3.837225590212389736e+00,3.840940832424955431e+00,3.853013604177400353e+00,3.882979452756472494e+00,3.921561828140371908e+00,3.962793898954988681e+00,4.005588525906515152e+00,4.051889145950737792e+00,4.107622546744098990e+00,4.185231661054525709e+00,4.313037199755179074e+00,4.577679048609839541e+00,4.739379840117496911e+00,4.782348620578726006e+00,4.752190560991127022e+00,4.740399152756754830e+00,4.738895542514430126e+00,4.748078567879847611e+00,4.764786347923327448e+00,4.782533663726280082e+00,4.798520986393634224e+00,4.809497591259283666e+00
3.805691297032723686e+00,3.806109162960442216e+00,3.806549062902285563e+00,3.807012722902163304e+00,3.807502045072130858e+00,3.808019128919804430e+00,3.808566295430117599e+00,3.809146114188543208e+00,3.809761433806572395e+00,3.810415415840102238e+00,3.811111572247857016e+00,3.811853806172485815e+00,3.812646455365023890e+00,3.813494336789604144e+00,3.814402789637505453e+00,3.815377711815395312e+00,3.816425581401811762e+00,3.817553448667889704e+00,3.818768874476556441e+00,3.820079774548376772e+00,3.821494101616614625e+00,3.823019250892720322e+00,3.824660994604154318e+00,3.826421614842330232e+00,3.828296672700981063e+00,3.830269481443424606e+00,3.832301890202028272e+00,3.834320307963330787e+00,3.836204985749286145e+00,3.837914559952933402e+00,3.845471409993610035e+00,3.882462879355006002e+00,3.924350627180873463e+00,3.966576647346484297e+00,4.008022036701155422e+00,4.050304065109213703e+00,4.099101461566584170e+00,4.165363154673749513e+00,4.271398668811466237e+00,4.477825042363059005e+00,4.747788396734301308e+00,4.710589021235813689e+00,4.699136156990117996e+00,4.697249583467518086e+00,4.700218737161250715e+00,4.713512251185631108e+00,4.734792709664707111e+00,4.754614912076720046e+00,4.771271074366878473e+00,4.782667665552352787e+00
3.805014281107206298e+00,3.805417432885655149e+00,3.805842200865084290e+00,3.806290327351244507e+00,3.806763740866359491e+00,3.807264580570909995e+00,3.807795224364974640e+00,3.808358321253185075e+00,3.808956828635773117e+00,3.809594055263346490e+00,3.810273710653111490e+00,3.810999961787178592e+00,3.811777497861053021e+00,3.812611603655369219e+00,3.813508241650747088e+00,3.814474142095035436e+00,3.815516898519040634e+00,3.816645063081575362e+00,3.817868230556056286e+00,3.819197089890064234e+00,3.820643404754938022e+00,3.822219853369904108e+00,3.823939602305825858e+00,3.825815389554269697e+00,3.827857715923947524e+00,3.830071445859153378e+00,3.832449710761947514e+00,3.834964143569575157e+00,3.837557781888550235e+00,3.840254505772442428e+00,3.848931969366471417e+00,3.887274552057598420e+00,3.930345244160628138e+00,3.972912879831578703e+00,4.012425179491668992e+00,4.049913179214580161e+00,4.091366143580604131e+00,4.146912947031676566e+00,4.234485392730754860e+00,4.397680909489159795e+00,4.644985123640835489e+00,4.642875485166629623e+00,4.648454384155437324e+00,4.656534094981552130e+00,4.665360979148559295e+00,4.682215715210779727e+00,4.705913010210247549e+00,4.726901156220804090e+00,4.744145833224199471e+00,4.756359323302712383e+00
3.804345612768915252e+00,3.804734525749923435e+00,3.805144685582637187e+00,3.805577858712908768e+00,3.806036009752723714e+00,3.806521329519367836e+00,3.807036267860660406e+00,3.807583572219923607e+00,3.808166333110563961e+00,3.808788037940779247e+00,3.809452634969379581e+00,3.810164609603805541e+00,3.810929075797921062e+00,3.811751886006201406e+00,3.812639764054176261e+00,3.813600466469292627e+00,3.814642979405659329e+00,3.815777760509505789e+00,3.817017038336333101e+00,3.818375187161401119e+00,3.819869204354367831e+00,3.821519336254928678e+00,3.823349940972100569e+00,3.825390783659689653e+00,3.827679258357356673e+00,3.830264952527051125e+00,3.833221183128599385e+00,3.836681235846670646e+00,3.840983598527400567e+00,3.847461342440727794e+00,3.862949356961679737e+00,3.896645734662652405e+00,3.938931376855518973e+00,3.981505094426172509e+00,4.018489450190680934e+00,4.050059805446168504e+00,4.083585515287528445e+00,4.128907251015677460e+00,4.200555777494817455e+00,4.330473858231023598e+00,4.550830541200364010e+00,4.578026580057096062e+00,4.599279036459163805e+00,4.617442141786241905e+00,4.634331800494519982e+00,4.654629920171608148e+00,4.678090335660564314e+00,4.699580817080320827e+00,4.717392555406872745e+00,4.730567924254711620e+00
3.803684818994198746e+00,3.804059906329419594e+00,3.804455908861112956e+00,3.804874622752103086e+00,3.805318055495651830e+00,3.805788457920123324e+00,3.806288362207370657e+00,3.806820627297089921e+00,3.807388493425878373e+00,3.807995648049908421e+00,3.808646306073405707e+00,3.809345308223996529e+00,3.810098242690655557e+00,3.810911596940967705e+00,3.811792949234347194e+00,3.812751213195280098e+00,3.813796954670882311e+00,3.814942809327844575e+00,3.816204044559310393e+00,3.817599335156742768e+00,3.819151868851209386e+00,3.820890986917027998e+00,3.822854746655067526e+00,3.825094191120441245e+00,3.827681061853562383e+00,3.830723181890578477e+00,3.834399014335108102e+00,3.839046864829915418e+00,3.845431872949755192e+00,3.855609347354024941e+00,3.874624483529456320e+00,3.906852502545421491e+00,3.948452555352190974e+00,3.991691374060868380e+00,4.025665931725846747e+00,4.049676381871235797e+00,4.074716413944456050e+00,4.110388493203793736e+00,4.168243346344103095e+00,4.271888975726057858e+00,4.463122567883128333e+00,4.515041569085863848e+00,4.550709544818625218e+00,4.578604394471859074e+00,4.602763818532275231e+00,4.626576160154469264e+00,4.650571025558011939e+00,4.672547472703223903e+00,4.691021288155003077e+00,4.705239417731520213e+00
3.803031430984740169e+00,3.803393043654328842e+00,3.803775266663599108e+00,3.804179929105170999e+00,3.804609085167147242e+00,3.805065050264411219e+00,3.805550444466446081e+00,3.806068245034848641e+00,3.806621850430431664e+00,3.807215158894996065e+00,3.807852665741955800e+00,3.808539584933403166e+00,3.809282002579260418e+00,3.810087072983730394e+00,3.810963272297887450e+00,3.811920731565872078e+00,3.812971681432009596e+00,3.814131057579758899e+00,3.815417343810285189e+00,3.816853777505064826e+00,3.818470127875715825e+00,3.820305418032249545e+00,3.822412279059059337e+00,3.824864287467481194e+00,3.827769114040332710e+00,3.831293825678834253e+00,3.835717582869589748e+00,3.841550294119006725e+00,3.849811168653429760e+00,3.862602179626641430e+00,3.883464556991957917e+00,3.915132268114955849e+00,3.956544127320189119e+00,4.002309420583846311e+00,4.032859151967921996e+00,4.046988400148644693e+00,4.063526644299512824e+00,4.090465335444926076e+00,4.136493194817822072e+00,4.219092203005845754e+00,4.380289363447138484e+00,4.453218653817955897e+00,4.502101534579919573e+00,4.539128037110923941e+00,4.569762015033915326e+00,4.597254693415161242e+00,4.622748552396741317e+00,4.645600723544313304e+00,4.664948421985054772e+00,4.680300170421689998e+00
3.802384987315455600e+00,3.802733414864925443e+00,3.803102163859737761e+00,3.803493097164452497e+00,3.803908316483232355e+00,3.804350202587461371e+00,3.804821464109565454e+00,3.805325197151358640e+00,3.805864958669414655e+00,3.806444857585211228e+00,3.807069668945066709e+00,3.807744978409113301e+00,3.808477367166299921e+00,3.809274651507390086e+00,3.810146197474261864e+00,3.811103340457607569e+00,3.812159954403360640e+00,3.813333239023108501e+00,3.814644832592116508e+00,3.816122424668598079e+00,3.817802160712609805e+00,3.819732345772518745e+00,3.821979363992374257e+00,3.824637543099305592e+00,3.827846369446160413e+00,3.831822023462522431e+00,3.836917770612934930e+00,3.843742181725264828e+00,3.853378273907293927e+00,3.867676591270590603e+00,3.889176637079966081e+00,3.919905035845855590e+00,3.960290243587061276e+00,4.009646367601606975e+00,4.036142493755733085e+00,4.039363986552256591e+00,4.048816024784274603e+00,4.068430250729501374e+00,4.104552581360277230e+00,4.170217310288437673e+00,4.298674985956516537e+00,4.392197765477673599e+00,4.453181709014127243e+00,4.498760785971066767e+00,4.535444724894904134e+00,4.566777454969305872e+00,4.594407994936924311e+00,4.618595327685537377e+00,4.639082209628577758e+00,4.655680182405699696e+00
3.801745037075571876e+00,3.802080509063970659e+00,3.802436018977136900e+00,3.802813461973617137e+00,3.803214985165391582e+00,3.803643031723591861e+00,3.804100394739959423e+00,3.804590283494340586e+00,3.805116405644550781e+00,3.805683070056084194e+00,3.806295316676579610e+00,3.806959082264356642e+00,3.807681414258503150e+00,3.808470750192394672e+00,3.809337287707453168e+00,3.810293481903262780e+00,3.811354724952492390e+00,3.812540291888752986e+00,3.813874683762912277e+00,3.815389578530663073e+00,3.817126736195546322e+00,3.819142445453180823e+00,3.821514536071613843e+00,3.824353792124195905e+00,3.827823120470468243e+00,3.832170614165039346e+00,3.837787219539835259e+00,3.845304221428637259e+00,3.855735212915536891e+00,3.870587782234507390e+00,3.891678384791521061e+00,3.920447377757482865e+00,3.957350487814738305e+00,4.000808903794582427e+00,4.023486290634119555e+00,4.024604639736671707e+00,4.029886927316085554e+00,4.043906836492244139e+00,4.071980437771035355e+00,4.124076610702700485e+00,4.223825915459442193e+00,4.331927154464787932e+00,4.403994020883610361e+00,4.457622840006526310e+00,4.500109309989511530e+00,4.535398566964858880e+00,4.565572031276828646e+00,4.591481321478245725e+00,4.613363921107260346e+00,4.631328521415477795e+00
3.801111142944023857e+00,3.801433831089307880e+00,3.801776268855261431e+00,3.802140380003223186e+00,3.802528352154041613e+00,3.802942684377214277e+00,3.803386245582886183e+00,3.803862346710817466e+00,3.804374830701286125e+00,3.804928185608586144e+00,3.805527688151181032e+00,3.806179587745902371e+00,3.806891345049039366e+00,3.807671944853959989e+00,3.808532311871101861e+00,3.809485871055291462e+00,3.810549314400059284e+00,3.811743667931349666e+00,3.813095803570870412e+00,3.814640623696165189e+00,3.816424284516118703e+00,3.818509058029687875e+00,3.820980830857446886e+00,3.823960914969922520e+00,3.827624953715473399e+00,3.832233316491797659e+00,3.838178837402567822e+00,3.846055371248126242e+00,3.856731958268841076e+00,3.871359828973010231e+00,3.891162791321652215e+00,3.916928273590306375e+00,3.948217503759670954e+00,3.980677224131818015e+00,3.999422248529713730e+00,4.003375237562652345e+00,4.006933201034599712e+00,4.016932589475385562e+00,4.038639801661198625e+00,4.079980564152819511e+00,4.157970774053136864e+00,4.272593765844686864e+00,4.354798363343298284e+00,4.416014622022758296e+00,4.464105536842783550e+00,4.503407072101356157e+00,4.536373392596415144e+00,4.564287917081754742e+00,4.587778544094711641e+00,4.607220087533712594e+00
3.800482884141536566e+00,3.800792905131999966e+00,3.801122373104548480e+00,3.801473234678660162e+00,3.801847710504499656e+00,3.802248345782939243e+00,3.802678072438880008e+00,3.803140286206607268e+00,3.803638942965301695e+00,3.804178680158263326e+00,3.804764971224519510e+00,3.805404323941964595e+00,3.806104537845536484e+00,3.806875042086536709e+00,3.807727344244802747e+00,3.808675634281770250e+00,3.809737608568665834e+00,3.810935610843792620e+00,3.812298236725773837e+00,3.813862626914809262e+00,3.815677798968661882e+00,3.817809565724628040e+00,3.820347898274109255e+00,3.823418052165190151e+00,3.827197371970624040e+00,3.831940144954037120e+00,3.838012023651831583e+00,3.845929860313797910e+00,3.856384833236575549e+00,3.870190648649196152e+00,3.888066673071393531e+00,3.910185488102301932e+00,3.935340361172110057e+00,3.959138174275364630e+00,3.973706545991387618e+00,3.978348582035119652e+00,3.980883924752286696e+00,3.987901930374281978e+00,4.004652356694399451e+00,4.037610364706201160e+00,4.099110967210261691e+00,4.214552020552615907e+00,4.305986131371920322e+00,4.374322011306926328e+00,4.427801931032909089e+00,4.471101042204188580e+00,4.506992990815450462e+00,4.537096902122758735e+00,4.562350052950258750e+00,4.583355598565145961e+00
3.799859859204587131e+00,3.800157278129261407e+00,3.800473818278581550e+00,3.800811441539554636e+00,3.801172391805511364e+00,3.801559247741348901e+00,3.801974987812309248e+00,3.802423071004459754e+00,3.802907537790590098e+00,3.803433137446645684e+00,3.804005489983790067e+00,3.804631293999890751e+00,3.805318596074786175e+00,3.806077143544472019e+00,3.806918851514390578e+00,3.807858428226709169e+00,3.808914222555328077e+00,3.810109386802325027e+00,3.811473492176898237e+00,3.813044800826064673e+00,3.814873497362222921e+00,3.817026326438567541e+00,3.819593277490866079e+00,3.822697178715804167e+00,3.826507177871325993e+00,3.831256658866030840e+00,3.837263990456904139e+00,3.844948095453485148e+00,3.854816670882704965e+00,3.867383573137284092e+00,3.882957610515143099e+00,3.901250045102583552e+00,3.920734539071426550e+00,3.937892993156743682e+00,3.948330034918208220e+00,3.951739868109973131e+00,3.952878403621142400e+00,3.957402356729566417e+00,3.970323043682381758e+00,3.996921134335154058e+00,4.046049966616005911e+00,4.158265221561195268e+00,4.258021551277385797e+00,4.332968101656731186e+00,4.391569676478696671e+00,4.438776390035935826e+00,4.477630735201683088e+00,4.510020844157331510e+00,4.537131482450728726e+00,4.559757640137586776e+00
3.799241688530810901e+00,3.799526522867223921e+00,3.799830121675117578e+00,3.800154452920705861e+00,3.800501771975656418e+00,3.800874675838469496e+00,3.801276169958300422e+00,3.801709751153860672e+00,3.802179511246154942e+00,3.802690267563756610e+00,3.803247728603128319e+00,3.803858706080503360e+00,3.804531388754980981e+00,3.805275699260376232e+00,3.806103763525512829e+00,3.807030534313234682e+00,3.808074627589709493e+00,3.809259455130276972e+00,3.810614772015283869e+00,3.812178807035266015e+00,3.814001210306645184e+00,3.816147133328851471e+00,3.818702832880101372e+00,3.821783194166016528e+00,3.825541313448891589e+00,3.830179314143620672e+00,3.835956957861881289e+00,3.843188866801608317e+00,3.852211205096029545e+00,3.863286991112672819e+00,3.876415014605957943e+00,3.891020519566657399e+00,3.905560608311723136e+00,3.917370446267713024e+00,3.923804432536599496e+00,3.924835665692917530e+00,3.923895830897059511e+00,3.926047837160365539e+00,3.936064776440446167e+00,3.958073160012766767e+00,3.998116613049726542e+00,4.104259909573477749e+00,4.211400363590412255e+00,4.292383674939197924e+00,4.355770457357833081e+00,4.406718802834049598e+00,4.448489827726628931e+00,4.483187489030153294e+00,4.512194687399883719e+00,4.536465102821965800e+00
3.798628016651153683e+00,3.798900240736351908e+00,3.799190834692393715e+00,3.799501762059128929e+00,3.799835276313101584e+00,3.800193975685290937e+00,3.800580870631477204e+00,3.800999467403814336e+00,3.801453872253534705e+00,3.801948922257167851e+00,3.802490350749160974e+00,3.803084998069366396e+00,3.803741082085486447e+00,3.804468548135384154e+00,3.805279525213641989e+00,3.806188925156963165e+00,3.807215235229620909e+00,3.808381572980035656e+00,3.809717096463949293e+00,3.811258892719930014e+00,3.813054498973698081e+00,3.815165231186078199e+00,3.817670467121770717e+00,3.820672868872339478e+00,3.824304040995174070e+00,3.828728928091809980e+00,3.834144740543700358e+00,3.840765683296425870e+00,3.848778423597300158e+00,3.858247976236882870e+00,3.868956567670277735e+00,3.880180706344654951e+00,3.890485974976300554e+00,3.897824057598666680e+00,3.900431337641395491e+00,3.898408763752637451e+00,3.894676554912904987e+00,3.894378236250766179e+00,3.902357088385787875e+00,3.921397643791654897e+00,3.955001142162852368e+00,4.053087545282009430e+00,4.166616692856846882e+00,4.252984474270293802e+00,4.320744905325729412e+00,4.375196187768727540e+00,4.419766594781611602e+00,4.456728639016479754e+00,4.487621457682326565e+00,4.513527420011543612e+00
3.798018514191004780e+00,3.798278064091621609e+00,3.798555545679637824e+00,3.798852906549099906e+00,3.799172383698244726e+00,3.799516558047474124e+00,3.799888421367833224e+00,3.800291458918632514e+00,3.800729752087433244e+00,3.801208106650454166e+00,3.801732214042644831e+00,3.802308855400183152e+00,3.802946161320861052e+00,3.803653944545980714e+00,3.804444128426633043e+00,3.805331301454603299e+00,3.806333437605091241e+00,3.807472833722996608e+00,3.808777327714973904e+00,3.810281871588943048e+00,3.812030532808135419e+00,3.814078965947007127e+00,3.816497290800901165e+00,3.819373044829205366e+00,3.822813282875342722e+00,3.826943707366224245e+00,3.831900592983703557e+00,3.837808078471506512e+00,3.844729885023431049e+00,3.852583440185787467e+00,3.861011427843980215e+00,3.869230952645609012e+00,3.875942868720330114e+00,3.879494679528975087e+00,3.878529257046749112e+00,3.873073171271966597e+00,3.865806641978776881e+00,3.862827681927888612e+00,3.869772299922989767e+00,3.887402896085241810e+00,3.916650160725965168e+00,4.005285545611608988e+00,4.124131618313630732e+00,4.215150438377797570e+00,4.286800929193555376e+00,4.344451190021960230e+00,4.391642841433622380e+00,4.430771956750655605e+00,4.463496287096798909e+00,4.490999305171092360e+00
3.797412879490239312e+00,3.797659658180026820e+00,3.797923882235039184e+00,3.798207471086557430e+00,3.798512629875616220e+00,3.798841902772811530e+00,3.799198238183854937e+00,3.799585068892026740e+00,3.800006411060222522e+00,3.800466987152343545e+00,3.800972379316140071e+00,3.801529221695759464e+00,3.802145442626736482e+00,3.802830570827150147e+00,3.803596123622799308e+00,3.804456099903459787e+00,3.805427605575977257e+00,3.806531643750616478e+00,3.807794103298629107e+00,3.809246972272581466e+00,3.810929775553515864e+00,3.812891166234978702e+00,3.815190444618400623e+00,3.817898460943540240e+00,3.821096756030251118e+00,3.824872747267089590e+00,3.829307154962134252e+00,3.834447847006271282e+00,3.840262787702545921e+00,3.846566141179188048e+00,3.852920006364177308e+00,3.858536047740837027e+00,3.862242726482700395e+00,3.862632324766431591e+00,3.858489203467060147e+00,3.849526040240924374e+00,3.837907922504840919e+00,3.831741009593038427e+00,3.839130120167775218e+00,3.856810065857587677e+00,3.883177862548524484e+00,3.961329279502028733e+00,4.084340110704548721e+00,4.179205562761366011e+00,4.254202301310853862e+00,4.314694094229414745e+00,4.364279722577938614e+00,4.405434778300470811e+00,4.439900671346325822e+00,4.468936269170423081e+00
3.796810839860593756e+00,3.797044722609206779e+00,3.797295512919499405e+00,3.797565089464844057e+00,3.797855609769779761e+00,3.798169561463272892e+00,3.798509824631945975e+00,3.798879747992382594e+00,3.799283242321690235e+00,3.799724895497058608e+00,3.800210114639368530e+00,3.800745302272356518e+00,3.801338075119939042e+00,3.801997536146196399e+00,3.802734612562290728e+00,3.803562474418749506e+00,3.804497049240099127e+00,3.805557646202516686e+00,3.806767695135789165e+00,3.808155584486772494e+00,3.809755535941427684e+00,3.811608359571343030e+00,3.813761754730839559e+00,3.816269500186026509e+00,3.819188334034592458e+00,3.822570487528849981e+00,3.826448725537777040e+00,3.830809660510280157e+00,3.835550934362830233e+00,3.840420383130282556e+00,3.844943206335017738e+00,3.848359234672483975e+00,3.849615514907890557e+00,3.847472984870634161e+00,3.840754132382260710e+00,3.828719990870271150e+00,3.812132533609208007e+00,3.801466820517589884e+00,3.811911675439244807e+00,3.830545439449325240e+00,3.854750372545749926e+00,3.921570702989362722e+00,4.047536971438975506e+00,4.145399380701395131e+00,4.223158568319298922e+00,4.286096756151413167e+00,4.337812952837210467e+00,4.380819497648029248e+00,4.416908752558439843e+00,4.447390995979853656e+00
3.796212152467397960e+00,3.796432992342591906e+00,3.796670148370075104e+00,3.796925445804760102e+00,3.797200978818536576e+00,3.797499158877764902e+00,3.797822773205533853e+00,3.798175055647837972e+00,3.798559772811928692e+00,3.798981329007335983e+00,3.799444894299176756e+00,3.799956560862141064e+00,3.800523533740320037e+00,3.801154362924083152e+00,3.801859224034536577e+00,3.802650254233522986e+00,3.803541947063352691e+00,3.804551602570419799e+00,3.805699813327680481e+00,3.807010935907762406e+00,3.808513439185779337e+00,3.810239916418467043e+00,3.812226368337395144e+00,3.814510070627078697e+00,3.817124891433016476e+00,3.820092313978044274e+00,3.823405742236317018e+00,3.827005258723460202e+00,3.830740603501957775e+00,3.834322981910021078e+00,3.837272837406171089e+00,3.838881437652504225e+00,3.838215241060360050e+00,3.834190092075030254e+00,3.825707645258372924e+00,3.811787061830242074e+00,3.791624206885420456e+00,3.773871138943428960e+00,3.790771617921790071e+00,3.809499216439960811e+00,3.831418645765747311e+00,3.886171731020679587e+00,4.013887220973662906e+00,4.113892758392139193e+00,4.193817758507596416e+00,4.258788326199129060e+00,4.312349494299854591e+00,4.357010353050526419e+00,4.394584166691993588e+00,4.426410569284046304e+00
