-5.309075038218537657e+00,-5.303195053287227623e+00,-5.296996009376968573e+00,-5.290451606109839666e+00,-5.283532484877572877e+00,-5.276205738042877513e+00,-5.268434312401128139e+00,-5.260176277955951107e+00,-5.251383923610603688e+00,-5.242002628417586685e+00,-5.231969439120025100e+00,-5.221211259767236434e+00,-5.209642524119971085e+00,-5.197162171806472664e+00,-5.183649677840401537e+00,-5.168959781530953812e+00,-5.152915408264255426e+00,-5.135298049077374749e+00,-5.115834513425483010e+00,-5.094178422889463320e+00,-5.069883930807940864e+00,-5.042367683268228262e+00,-5.010852501447217833e+00,-4.974281717052286389e+00,-4.931184580243924920e+00,-4.879456458910859773e+00,-4.815982951909730581e+00,-4.763048400879435818e+00,-4.879059166790457702e+00,-4.994203113261658444e+00,-5.108885050912806314e+00,-5.223356321266562574e+00,-5.337686217854908932e+00,-5.451748290224347926e+00,-5.565225855232124097e+00,-5.677637527014351093e+00,-5.788379791902170446e+00,-5.896780591005001071e+00,-6.002156241681582571e+00,-6.103864103389549101e+00,-6.201345008457449737e+00,-6.294152129575937948e+00,-6.381965940794176007e+00,-6.464597490492590914e+00,-6.541983676815755544e+00,-6.614178204969832109e+00,-6.681340513387002744e+00,-6.743722919918459624e+00,-6.801654750907838221e+00,-6.855522274513158543e+00
-5.317273852325050676e+00,-5.311637892149697393e+00,-5.305697941364573289e+00,-5.299429256040025571e+00,-5.292804275191254071e+00,-5.285792179883888053e+00,-5.278358359096069208e+00,-5.270463756953550849e+00,-5.262064067627672870e+00,-5.253108732744793841e+00,-5.243539680315371321e+00,-5.233289722090287199e+00,-5.222280495169737691e+00,-5.210419789603198737e+00,-5.197598040600802882e+00,-5.183683672647226182e+00,-5.168516848999283653e+00,-5.151900981010395952e+00,-5.133591050107472853e+00,-5.113277327608539480e+00,-5.090562332178500071e+00,-5.064927637309264874e+00,-5.035685044293407131e+00,-5.001902907099601947e+00,-4.962291473862420865e+00,-4.915017656385878730e+00,-4.857392105622889922e+00,-4.785311570456596719e+00,-4.817911939858448456e+00,-4.938177687129326365e+00,-5.058018263593378805e+00,-5.177770204853223923e+00,-5.297553524694403215e+00,-5.417251275155856582e+00,-5.536513913659651287e+00,-5.654789827711478978e+00,-5.771378134108104518e+00,-5.885495675097284440e+00,-5.996347957382501370e+00,-6.103193962006093543e+00,-6.205397028503935708e+00,-6.302457676345912141e+00,-6.394028321522572611e+00,-6.479913363781551361e+00,-6.560060138246962325e+00,-6.634546128050995861e+00,-6.703565654489870518e+00,-6.767416001100462708e+00,-6.826480433200381448e+00,-6.881205560422123391e+00
-5.325382780949739825e+00,-5.319984568291479476e+00,-5.314296695536270043e+00,-5.308295858722745564e+00,-5.301956156099695505e+00,-5.295248692498159215e+00,-5.288141101874679784e+00,-5.280596965923019859e+00,-5.272575099361741735e+00,-5.264028662457425511e+00,-5.254904047390107635e+00,-5.245139465546368562e+00,-5.234663135311115489e+00,-5.223390930853131664e+00,-5.211223296457816012e+00,-5.198041150161317070e+00,-5.183700382532369311e+00,-5.168024382216251489e+00,-5.150793758271388967e+00,-5.131732028486482022e+00,-5.110485412365949109e+00,-5.086593843082555466e+00,-5.059448583512351938e+00,-5.028228785887419505e+00,-4.991803724564050526e+00,-4.948576608007827282e+00,-4.896223939235876621e+00,-4.831237342219885988e+00,-4.751183955209619114e+00,-4.876940732970906467e+00,-5.002307756701455332e+00,-5.127733262671694270e+00,-5.253406807421966640e+00,-5.379229162900097450e+00,-5.504814552087692547e+00,-5.629527385547462792e+00,-5.752548358723610811e+00,-5.872959000010440356e+00,-5.989830859157005527e+00,-6.102305897327174655e+00,-6.209657851593836320e+00,-6.311329394537311011e+00,-6.406945518759370017e+00,-6.496308417150800985e+00,-6.579381951315499855e+00,-6.656273646091459995e+00,-6.727218853422025191e+00,-6.792566577261969663e+00,-6.852762272863254012e+00,-6.908322710622671003e+00
-5.333405769944683072e+00,-5.328239431599323339e+00,-5.322797075803387123e+00,-5.317056729025591011e+00,-5.310994018345323475e+00,-5.304581816632253144e+00,-5.297789816274273811e+00,-5.290584012368885425e+00,-5.282926069963133742e+00,-5.274772541166929507e+00,-5.266073885746923366e+00,-5.256773231642338118e+00,-5.246804787554544269e+00,-5.236091785155121414e+00,-5.224543778811660211e+00,-5.212053059003078914e+00,-5.198489831143267459e+00,-5.183695657972658744e+00,-5.167474435137752842e+00,-5.149579823724189431e+00,-5.129697527945805469e+00,-5.107419950796121100e+00,-5.082209339410512783e+00,-5.053343059729925812e+00,-5.019830122084284696e+00,-4.980279407738331443e+00,-4.932682578715324340e+00,-4.874037595461184758e+00,-4.799655032252447384e+00,-4.809799681177559627e+00,-4.941089135015214850e+00,-5.072613471462401158e+00,-5.204657635588946896e+00,-5.337152056299149017e+00,-5.469671228677651875e+00,-5.601478251974727485e+00,-5.731608405372287329e+00,-5.858976878221862528e+00,-5.982491922728664591e+00,-6.101155400973032883e+00,-6.214137245655151354e+00,-6.320817310955308521e+00,-6.420795748709554829e+00,-6.513879701578587422e+00,-6.600058112680399880e+00,-6.679476353104638164e+00,-6.752417561989775052e+00,-6.819289550635340369e+00,-6.880609100425657765e+00,-6.936974716487323001e+00
-5.341346682662345025e+00,-5.336406745283420072e+00,-5.331203795374116261e+00,-5.325717087325687160e+00,-5.319923654722615858e+00,-5.313797992036214168e+00,-5.307311674240434485e+00,-5.300432898033673013e+00,-5.293125922912451209e+00,-5.285350382778903899e+00,-5.277060428155623484e+00,-5.268203644089008542e+00,-5.258719667482544935e+00,-5.248538397030272584e+00,-5.237577644861262094e+00,-5.225740015151581375e+00,-5.212908701899861441e+00,-5.198941761598888434e+00,-5.183664214840430162e+00,-5.166857029363634446e+00,-5.148241578309902700e+00,-5.127457450514973480e+00,-5.104030325053095396e+00,-5.077324632865900078e+00,-5.046472130388889532e+00,-5.010260625997017492e+00,-4.966953245466817712e+00,-4.913979388903151779e+00,-4.847373421948341310e+00,-4.760681115064412161e+00,-4.873575655467273116e+00,-5.011656720521559194e+00,-5.150599115257025851e+00,-5.290380248252496642e+00,-5.430531437204535905e+00,-5.570192365268236578e+00,-5.708217888352211666e+00,-5.843316675138741978e+00,-5.974196095918984817e+00,-6.099689059545132075e+00,-6.218844969359074604e+00,-6.330976552407132196e+00,-6.435664721603797211e+00,-6.532732740101062419e+00,-6.622206706582939084e+00,-6.704279620631792724e+00,-6.779289554361829673e+00,-6.847710066560129150e+00,-6.910139132892429537e+00,-6.967270752426399483e+00
-5.349209295044289547e+00,-5.344490680519371928e+00,-5.339521470978596085e+00,-5.334282053385755340e+00,-5.328750753727994116e+00,-5.322903551088013607e+00,-5.316713738034932746e+00,-5.310151513545946500e+00,-5.303183490063779537e+00,-5.295772089847976538e+00,-5.287874796673706967e+00,-5.279443215966499459e+00,-5.270421877858588289e+00,-5.260746690785960133e+00,-5.250342914228109947e+00,-5.239122462272923109e+00,-5.226980266353893789e+00,-5.213789303130194064e+00,-5.199393713205585854e+00,-5.183599169528100958e+00,-5.166159255575894171e+00,-5.146756006525257554e+00,-5.124971811465158567e+00,-5.100248290656383965e+00,-5.071824948680960787e+00,-5.038645037706454666e+00,-4.999205193392597835e+00,-4.951302366965031787e+00,-4.891580657610345106e+00,-4.814661274741564689e+00,-4.798828838658251605e+00,-4.943955554512723616e+00,-5.090373983382199263e+00,-5.238133685408642215e+00,-5.386719670315489594e+00,-5.535119663458366368e+00,-5.681962164107089208e+00,-5.825696698068308699e+00,-5.964781085088124435e+00,-6.097842826379565651e+00,-6.223790991332758260e+00,-6.341868191146107669e+00,-6.451646269674802703e+00,-6.552981690823765248e+00,-6.645954865128583577e+00,-6.730818818475738041e+00,-6.807973665626543713e+00,-6.877964609227049664e+00,-6.941481048862997660e+00,-6.999329047402764736e+00
-5.356997290120752986e+00,-5.352495310349779878e+00,-5.347754616167703645e+00,-5.342756639076865710e+00,-5.337480891781288150e+00,-5.331904710659197910e+00,-5.326002951992801826e+00,-5.319747630459475296e+00,-5.313107484554626225e+00,-5.306047448215223561e+00,-5.298528000222550105e+00,-5.290504351907702407e+00,-5.281925417657057586e+00,-5.272732489315230531e+00,-5.262857501223225043e+00,-5.252220721969515616e+00,-5.240727634067881446e+00,-5.228264652094329001e+00,-5.214693166382496692e+00,-5.199841158568975885e+00,-5.183491280804800816e+00,-5.165363766076616514e+00,-5.145091746054764492e+00,-5.122185303114223487e+00,-5.095978444648844530e+00,-5.065549146268622849e+00,-5.029594289261643425e+00,-4.986223297050931258e+00,-4.932594197623773269e+00,-4.864223499726855415e+00,-4.773572032527445330e+00,-4.868407505821260806e+00,-5.022931481564491207e+00,-5.179450356052914373e+00,-5.337400458866226494e+00,-5.495580197280331980e+00,-5.652330697873253484e+00,-5.805772635308441565e+00,-5.954050554368729209e+00,-6.095539983028785080e+00,-6.228986043038507781e+00,-6.353560517185202094e+00,-6.468843130621123372e+00,-6.574749287900140793e+00,-6.671438289588028425e+00,-6.759239193250846434e+00,-6.838620508108233409e+00,-6.910202330565860862e+00,-6.974775310383360960e+00,-7.033277914221231164e+00
-5.364714251958791813e+00,-5.360424602881849410e+00,-5.355907633717879257e+00,-5.351145739971864046e+00,-5.346119524028219772e+00,-5.340807562208121695e+00,-5.335186132080396604e+00,-5.329228890585523182e+00,-5.322906490415434178e+00,-5.316186117668374678e+00,-5.309030927440956837e+00,-5.301399344778134015e+00,-5.293244184832711419e+00,-5.284511525995376324e+00,-5.275139239815517911e+00,-5.265055036716375092e+00,-5.254173819297282222e+00,-5.242394034324392216e+00,-5.229592564333892746e+00,-5.215617477623116116e+00,-5.200277630595923739e+00,-5.183327647422918183e+00,-5.164446128393163526e+00,-5.143203950695914628e+00,-5.119017962159605695e+00,-5.091082518716670613e+00,-5.058265295093376857e+00,-5.018940038298769224e+00,-4.970697220244164605e+00,-4.909800838872560469e+00,-4.830085897835727948e+00,-4.783658584680819281e+00,-4.946967995972266330e+00,-5.113128536075705277e+00,-5.281526909708510686e+00,-5.450722559210293028e+00,-5.618687130933788687e+00,-5.783119005679362878e+00,-5.941765067493223640e+00,-6.092688718851591467e+00,-6.234442750553336410e+00,-6.366131051124664708e+00,-6.487368081407465681e+00,-6.598166541054470535e+00,-6.698800133121956435e+00,-6.789695192384787248e+00,-6.871393118290869850e+00,-6.944586718269855297e+00,-7.010175821213019631e+00,-7.037650050366765164e+00
-5.372363659107148415e+00,-5.368282413830221422e+00,-5.363984807189686066e+00,-5.359454125851685902e+00,-5.354671973754688175e+00,-5.349618060111411388e+00,-5.344269953232469561e+00,-5.338602792546645937e+00,-5.332588948734610312e+00,-5.326197618379294063e+00,-5.319394334433988902e+00,-5.312140366295075466e+00,-5.304391972062346028e+00,-5.296099448691017564e+00,-5.287205900105383272e+00,-5.277645604197338081e+00,-5.267341799700846039e+00,-5.256203622288997401e+00,-5.244121779931414373e+00,-5.230962348324359468e+00,-5.216557759189569765e+00,-5.200693613936443249e+00,-5.183089349099783583e+00,-5.163369973037810645e+00,-5.141024997928126616e+00,-5.115348931356999529e+00,-5.085353888738016970e+00,-5.049635071673360898e+00,-5.006144834370095609e+00,-4.951772096991417627e+00,-4.881488736224338432e+00,-4.786485547300554977e+00,-4.860843673058429459e+00,-5.037644985932373309e+00,-5.217767588168969795e+00,-5.399464874323803620e+00,-5.580226995659246292e+00,-5.757203217919021121e+00,-5.927629718616231003e+00,-6.089179201309165457e+00,-6.240177723643848040e+00,-6.379669821204411839e+00,-6.507345813200857698e+00,-6.623372278422533732e+00,-6.728189012915509082e+00,-6.822348906200142338e+00,-6.906467438327466013e+00,-6.981297763212627849e+00,-7.023450886558292083e+00,-7.040623789899929541e+00
-5.379948877597053425e+00,-5.376072478468076454e+00,-5.371990291704952902e+00,-5.367686430187728064e+00,-5.363143420468801104e+00,-5.358342008273734969e+00,-5.353260934479847855e+00,-5.347876675516658906e+00,-5.342163140271144250e+00,-5.336091312903553430e+00,-5.329628827049920581e+00,-5.322739451012965084e+00,-5.315382454621749631e+00,-5.307511814711721954e+00,-5.299075194828866131e+00,-5.290012601318230701e+00,-5.280254565353765805e+00,-5.269719617733397143e+00,-5.258310693853880835e+00,-5.245909906461437622e+00,-5.232370822498561225e+00,-5.217506944033677208e+00,-5.201074501394478133e+00,-5.182746942512643784e+00,-5.162077734251512062e+00,-5.138447305121919939e+00,-5.110988430690913908e+00,-5.078478692130071970e+00,-5.039169565895844194e+00,-4.990471655856689281e+00,-4.928304725686984078e+00,-4.845670091769798127e+00,-4.762462572462172972e+00,-4.951036432420445443e+00,-5.144400273317513594e+00,-5.340409129767639484e+00,-5.535916594282268122e+00,-5.727348402147868889e+00,-5.911276748907958734e+00,-6.084879889274113829e+00,-6.246215165220300847e+00,-6.394284754257416381e+00,-6.528916285259784402e+00,-6.650512871192167275e+00,-6.759755958525563990e+00,-6.857367129050481402e+00,-6.944032419709325055e+00,-7.003982028442039542e+00,-7.027081379510931036e+00,-7.043806710879331412e+00
-5.387473153569768414e+00,-5.383798403064236737e+00,-5.379928104025827551e+00,-5.375847138686597582e+00,-5.371538886735125473e+00,-5.366985045090723716e+00,-5.362165421920330743e+00,-5.357057700158383895e+00,-5.351637164457674345e+00,-5.345876383576677604e+00,-5.339744837357614848e+00,-5.333208473114549264e+00,-5.326229169519460349e+00,-5.318764075438135563e+00,-5.310764774131135901e+00,-5.302176195672603676e+00,-5.292935155573530892e+00,-5.282968324425805662e+00,-5.272189314476232624e+00,-5.260494377945867939e+00,-5.247755911713598564e+00,-5.233812510767400283e+00,-5.218453681876605188e+00,-5.201396570280221177e+00,-5.182251409575782120e+00,-5.160472383764021842e+00,-5.135291444608754752e+00,-5.105631930849336975e+00,-5.069986360272507930e+00,-5.026197790103502427e+00,-4.970983397993751218e+00,-4.898845641380684235e+00,-4.799540208954486964e+00,-4.850723449416794786e+00,-5.059153644861962285e+00,-5.271713617426051712e+00,-5.484402363018590520e+00,-5.692678707375640634e+00,-5.892240321400576519e+00,-6.079632593449414202e+00,-6.252592807458231761e+00,-6.410110515044722845e+00,-6.552240876088109012e+00,-6.679743024579040345e+00,-6.793650364086816218e+00,-6.894916313722325718e+00,-6.976299940031004176e+00,-7.008061475557613385e+00,-7.031032876144235111e+00,-7.047176587512364421e+00
-5.394939605613510381e+00,-5.391463655899316088e+00,-5.387802112038875713e+00,-5.383940577008783812e+00,-5.379863223877608291e+00,-5.375552626879654738e+00,-5.370989569634422089e+00,-5.366152826829351241e+00,-5.361018914804215107e+00,-5.355561805214501980e+00,-5.349752594066686129e+00,-5.343559115498394796e+00,-5.336945485011775681e+00,-5.329871549236076866e+00,-5.322292206581384022e+00,-5.314156541694520008e+00,-5.305406680139793885e+00,-5.295976207426285498e+00,-5.285787890257832800e+00,-5.274750258120803892e+00,-5.262752304679838566e+00,-5.249655089851625434e+00,-5.235278308243411338e+00,-5.219378966383399820e+00,-5.201618510045353361e+00,-5.181515075137559379e+00,-5.158380714827377034e+00,-5.131249227191726270e+00,-5.098797325183706874e+00,-5.059219891677094516e+00,-5.009912215579841899e+00,-4.946647888706727336e+00,-4.861638868428116211e+00,-4.738821378361939729e+00,-4.958964567156177061e+00,-5.190897485792039134e+00,-5.423872537685630491e+00,-5.652036378048037157e+00,-5.869918634994514051e+00,-6.073245295168262281e+00,-6.259371284092107857e+00,-6.427322815011652146e+00,-6.577513553181450590e+00,-6.711229585856794522e+00,-6.830015861526826271e+00,-6.935154519328097678e+00,-6.980132452436615509e+00,-7.012512209413285902e+00,-7.035316395138242029e+00,-7.050687264880354022e+00
-5.402351216904071940e+00,-5.399071557969495672e+00,-5.395616023767686009e+00,-5.391970897799409634e+00,-5.388121096702128021e+00,-5.384050009937011438e+00,-5.379739318703762763e+00,-5.375168791195619633e+00,-5.370316050797466545e+00,-5.365156313123327081e+00,-5.359662086739180431e+00,-5.353802830753732422e+00,-5.347544559688680366e+00,-5.340849381254479944e+00,-5.333674944196543422e+00,-5.325973758203093489e+00,-5.317692320438016651e+00,-5.308769933517534234e+00,-5.299137009588737790e+00,-5.288712492648051544e+00,-5.277399742081067657e+00,-5.265079719421883020e+00,-5.251599497318901300e+00,-5.236752902300978008e+00,-5.220248782980354996e+00,-5.201662339522344247e+00,-5.180369798106696066e+00,-5.155480781427566939e+00,-5.125796434273270918e+00,-5.089784946454704695e+00,-5.045426152943003117e+00,-4.989603897898826190e+00,-4.916576751107517573e+00,-4.814463108499639432e+00,-4.839593598147005515e+00,-5.094531186388480570e+00,-5.351838920032386149e+00,-5.603851836744338399e+00,-5.843514930659249984e+00,-6.065480785439783418e+00,-6.266648413214156221e+00,-6.446161137792443263e+00,-6.604980552914383907e+00,-6.745162184847763420e+00,-6.868989274506974496e+00,-6.938923119469857959e+00,-6.984078305159096445e+00,-7.017358577905841166e+00,-7.039932529506784498e+00,-7.054248553844900904e+00
-5.409710827254837540e+00,-5.406625273501714624e+00,-5.403373376057975186e+00,-5.399942067196702666e+00,-5.396316967426141531e+00,-5.392482231430090422e+00,-5.388420374552914005e+00,-5.384112077474845215e+00,-5.379535966493019572e+00,-5.374668366551301979e+00,-5.369483023788982123e+00,-5.363950793773649472e+00,-5.358039290468247451e+00,-5.351712488785252297e+00,-5.344930269154852809e+00,-5.337647883606961408e+00,-5.329815304979176993e+00,-5.321376385319093849e+00,-5.312267679510494389e+00,-5.302416653345563446e+00,-5.291738731057217038e+00,-5.280132136462961867e+00,-5.267468565337066977e+00,-5.253576169622943048e+00,-5.238209125784956122e+00,-5.220996485208463156e+00,-5.201367570863562051e+00,-5.178474336132432576e+00,-5.151174416933009148e+00,-5.118123542695634853e+00,-5.077814442852302435e+00,-5.028147166207192598e+00,-4.965146263451432951e+00,-4.880250139742884130e+00,-4.753796032460986254e+00,-4.977726737048041805e+00,-5.264779021028793693e+00,-5.545932362780521707e+00,-5.811942094840884643e+00,-6.056037392777958495e+00,-6.274580327669530000e+00,-6.466964052358033399e+00,-6.634973603572380085e+00,-6.781777294179575755e+00,-6.880498066090290799e+00,-6.940845401841010620e+00,-6.987976688698638306e+00,-7.022620346613964060e+00,-7.044854182650193586e+00,-7.057686910510835965e+00
-5.417021125192328590e+00,-5.414127800418714997e+00,-5.411077523099258713e+00,-5.407857851011264927e+00,-5.404455079040268117e+00,-5.400854089380413114e+00,-5.397038182903257209e+00,-5.392988889620176529e+00,-5.388685756116445624e+00,-5.384106107865368251e+00,-5.379224784456342334e+00,-5.374013845985303739e+00,-5.368442249085882523e+00,-5.362475491088619428e+00,-5.356075219981198288e+00,-5.349198804808585450e+00,-5.341798852813806064e+00,-5.333822639343143379e+00,-5.325211370269081534e+00,-5.315899094945802261e+00,-5.305810869329837587e+00,-5.294859309172499806e+00,-5.282937728099948771e+00,-5.269906194435878710e+00,-5.255563521248337366e+00,-5.239593768733862511e+00,-5.221476153865867609e+00,-5.200375729726171237e+00,-5.175124050863099789e+00,-5.144455578625032999e+00,-5.107324081687386830e+00,-5.062626765158024789e+00,-5.007985607474831014e+00,-4.937529028484147098e+00,-4.837322468620194549e+00,-4.833258262014978435e+00,-5.157521528166102875e+00,-5.475102976116051678e+00,-5.773662026179684048e+00,-6.044514699924253165e+00,-6.283412140986472494e+00,-6.490223021121315661e+00,-6.667963223295542363e+00,-6.801367028688277472e+00,-6.879743166525611464e+00,-6.941830741639241964e+00,-6.991480015582094865e+00,-7.028295338208112142e+00,-7.049973552647626818e+00,-7.060669957304038569e+00
-5.424284640182797546e+00,-5.421581960905504260e+00,-5.418731624965858806e+00,-5.415721800795518348e+00,-5.412539438363498157e+00,-5.409170122048024609e+00,-5.405597904698547396e+00,-5.401805120854053399e+00,-5.397772177122010184e+00,-5.393477317916215874e+00,-5.388896365179514980e+00,-5.384002431475749084e+00,-5.378765607029319717e+00,-5.373152622991453242e+00,-5.367126495347994464e+00,-5.360646155969446269e+00,-5.353666077814198232e+00,-5.346135896214303962e+00,-5.338000007697480065e+00,-5.329197068824490735e+00,-5.319659166510836812e+00,-5.309310065387431443e+00,-5.298061078445968519e+00,-5.285801143693695359e+00,-5.272373410481367095e+00,-5.257522416687248956e+00,-5.240786174502447103e+00,-5.221326630362270294e+00,-5.197845990769954128e+00,-5.168995506292342945e+00,-5.134158680497504790e+00,-5.093310867810856735e+00,-5.045604204841191098e+00,-4.987389394770239015e+00,-4.909007017806954032e+00,-4.786396859194215203e+00,-5.022129945293564823e+00,-5.386563194400242338e+00,-5.726402511869437717e+00,-6.030350729394267084e+00,-6.293522573486904470e+00,-6.516663700433475093e+00,-6.695437788989869077e+00,-6.798813481156077643e+00,-6.877639503082248140e+00,-6.941318990473640760e+00,-6.993831472660388293e+00,-7.034275454119713444e+00,-7.054900778458993216e+00,-7.062584484884415481e+00
-5.431503735142914735e+00,-5.428990392240290674e+00,-5.426338636376701885e+00,-5.423537240047021868e+00,-5.420573799088641564e+00,-5.417434587075796948e+00,-5.414104390433151615e+00,-5.410566322061969302e+00,-5.406801611299785648e+00,-5.402789368252082447e+00,-5.398506321059011626e+00,-5.393926525662249283e+00,-5.389021049357105575e+00,-5.383757632174707375e+00,-5.378100334326582299e+00,-5.372009183920559039e+00,-5.365439846952006597e+00,-5.358343350031734786e+00,-5.350665890851318274e+00,-5.342348758270602183e+00,-5.333328315600212477e+00,-5.323535778117756578e+00,-5.312895880564197704e+00,-5.301321808825034232e+00,-5.288699233531557908e+00,-5.274840842478609737e+00,-5.259368058553108405e+00,-5.241455612327158065e+00,-5.219554886924687054e+00,-5.191955800886086436e+00,-5.158469282757189411e+00,-5.120385321195992212e+00,-5.078403324277688924e+00,-5.030732064559897410e+00,-4.970884970188849117e+00,-4.882576018224883185e+00,-4.845727644651105948e+00,-5.272657451186635313e+00,-5.666629985191152130e+00,-6.012704276707251161e+00,-6.305491919509345955e+00,-6.547371002266527462e+00,-6.693110465171704604e+00,-6.795169954608028640e+00,-6.873975834085211289e+00,-6.938702796950614093e+00,-6.993556929816867829e+00,-7.039626012419432755e+00,-7.058025743318961709e+00,-7.062470984166293597e+00
-5.438680599373257429e+00,-5.436355538061683923e+00,-5.433901295887086924e+00,-5.431307250810084142e+00,-5.428561645145854264e+00,-5.425651440799108549e+00,-5.422562154382034372e+00,-5.419277669656157315e+00,-5.415780024667603776e+00,-5.412049171053083363e+00,-5.408062703413098582e+00,-5.403795557586973608e+00,-5.399219678441420811e+00,-5.394303660887463714e+00,-5.389012372990489297e+00,-5.383306578262339492e+00,-5.377142586876233032e+00,-5.370471984111350849e+00,-5.363241509530946693e+00,-5.355393189158768052e+00,-5.346864839209612974e+00,-5.337591007443933222e+00,-5.327504118414069900e+00,-5.316534487802418774e+00,-5.304604228200064497e+00,-5.291598309935858779e+00,-5.277258968754484414e+00,-5.260853285331590357e+00,-5.240483957538659254e+00,-5.213542957166207081e+00,-5.180330305225361975e+00,-5.143950557386501643e+00,-5.106696879143164836e+00,-5.068327563503641997e+00,-5.024653467669299545e+00,-4.964674454182794072e+00,-4.860877941243721523e+00,-5.120322255434462733e+00,-5.588496200004884784e+00,-5.990228167619028099e+00,-6.320217717180609540e+00,-6.548583938682823735e+00,-6.690339943745329698e+00,-6.790543127791682565e+00,-6.868749069514983319e+00,-6.933653297258887349e+00,-6.988968680370522435e+00,-7.035744305242283225e+00,-7.054569368928884643e+00,-7.059434917488450090e+00
-5.445817242056264718e+00,-5.443679640249820650e+00,-5.441422115735467635e+00,-5.439034660956355793e+00,-5.436506174737750996e+00,-5.433824318166343481e+00,-5.430975349293138521e+00,-5.427943933612721317e+00,-5.424712927025584719e+00,-5.421263127870318499e+00,-5.417572994741305159e+00,-5.413618327389536411e+00,-5.409371909374792509e+00,-5.404803113842449491e+00,-5.399877478719618651e+00,-5.394556266173141879e+00,-5.388796035569626497e+00,-5.382548282841320919e+00,-5.375759237075008912e+00,-5.368369963737047890e+00,-5.360317008659179372e+00,-5.351533920914119058e+00,-5.341954053848946948e+00,-5.331514783705962657e+00,-5.320161586725477676e+00,-5.307842686300568324e+00,-5.294450746563968302e+00,-5.279510409562314877e+00,-5.260878457440451683e+00,-5.233921058996012121e+00,-5.199691620073048526e+00,-5.164028482867180081e+00,-5.130738781481163358e+00,-5.100872512210113285e+00,-5.071807353025010734e+00,-5.035950730580183610e+00,-4.976366947156250831e+00,-4.905179589611076807e+00,-5.481527544461704871e+00,-5.960609243648014477e+00,-6.330494721989262885e+00,-6.549282496459066572e+00,-6.687407797803741616e+00,-6.785186776900443917e+00,-6.862263782408215107e+00,-6.926483360334851014e+00,-6.980329544208617065e+00,-7.022394180874891312e+00,-7.044541412005389525e+00,-7.053571653023126942e+00
-5.452915486460637062e+00,-5.450964731601015245e+00,-5.448903372573563608e+00,-5.446722032435321381e+00,-5.444410285417916384e+00,-5.441956513746441182e+00,-5.439347742153114673e+00,-5.436569446466442024e+00,-5.433605332178891523e+00,-5.430437078454807498e+00,-5.427044042726122619e+00,-5.423402920998071863e+00,-5.419487359535222204e+00,-5.415267515211567684e+00,-5.410709565332441962e+00,-5.405775174617462930e+00,-5.400420939747442084e+00,-5.394597854655700964e+00,-5.388250879808752281e+00,-5.381318768319950152e+00,-5.373734421229428015e+00,-5.365426245723599941e+00,-5.356321316215264972e+00,-5.346351609631447843e+00,-5.335464997917791941e+00,-5.323641458191788800e+00,-5.310901872026527748e+00,-5.297190942803132074e+00,-5.280913751716305171e+00,-5.253016062362538818e+00,-5.216324107914001473e+00,-5.180608014774720438e+00,-5.150762465726829831e+00,-5.129050953582946271e+00,-5.113761368469291746e+00,-5.099159803522833379e+00,-5.074818600896056076e+00,-5.017152538351870916e+00,-5.324861718400747179e+00,-5.955515373579047811e+00,-6.338325708318595098e+00,-6.550200417633878835e+00,-6.684643002468331652e+00,-6.779487090268908389e+00,-6.855146851670133934e+00,-6.918105146807284278e+00,-6.969810630823833009e+00,-7.009033548641907529e+00,-7.033102436283640735e+00,-7.045959829188269019e+00
-5.459976964991027693e+00,-5.458212629473755406e+00,-5.456347099308011650e+00,-5.454371650789011206e+00,-5.452276560593904087e+00,-5.450050964318961633e+00,-5.447682691672908639e+00,-5.445158074109526680e+00,-5.442461719939073461e+00,-5.439576251134931262e+00,-5.436481995188146676e+00,-5.433156624544415614e+00,-5.429574735559927312e+00,-5.425707358866820762e+00,-5.421521394163006491e+00,-5.416978965863757267e+00,-5.412036703830295892e+00,-5.406644969272181633e+00,-5.400747076781295952e+00,-5.394278622027662173e+00,-5.387167134814097480e+00,-5.379332484433628991e+00,-5.370688856672613198e+00,-5.361149872489227697e+00,-5.350639869985728936e+00,-5.339117183691215018e+00,-5.326620464961857593e+00,-5.313355125232083864e+00,-5.299708386827858497e+00,-5.269551353615368861e+00,-5.229932006227557828e+00,-5.193769907023136234e+00,-5.167030465306599041e+00,-5.153610354903501722e+00,-5.151978426615112738e+00,-5.156792715107894054e+00,-5.161389863307116244e+00,-5.156178403403028021e+00,-5.174091054876888585e+00,-5.983589663512236534e+00,-6.346420042230910497e+00,-6.551422302829110755e+00,-6.682341204422544756e+00,-6.774001706681248791e+00,-6.848273445688851879e+00,-6.909588237486211426e+00,-6.959221274683123681e+00,-6.996851303300545055e+00,-7.022099208830368866e+00,-7.037705727425251467e+00
-5.467003115215725906e+00,-5.465424930577118978e+00,-5.463755078275632115e+00,-5.461985516220598136e+00,-5.460107257834512673e+00,-5.458110233547109225e+00,-5.455983128156211670e+00,-5.453713189277241469e+00,-5.451286001085836830e+00,-5.448685216331766057e+00,-5.445892238140412012e+00,-5.442885841408614311e+00,-5.439641721664506768e+00,-5.436131957188332642e+00,-5.432324368217151367e+00,-5.428181755695044686e+00,-5.423661002332256231e+00,-5.418712022778871429e+00,-5.413276561540173226e+00,-5.407286864659807790e+00,-5.400664309190679191e+00,-5.393318191876618428e+00,-5.385145109736804159e+00,-5.376029807569260299e+00,-5.365849156681001375e+00,-5.354481980419923737e+00,-5.341825895573794725e+00,-5.327783545525618614e+00,-5.311386817210205891e+00,-5.280902734088979145e+00,-5.240808272653421973e+00,-5.203891159578019732e+00,-5.179876832062377368e+00,-5.175476577120461386e+00,-5.188127266413085081e+00,-5.211257468460160247e+00,-5.240203181177209402e+00,-5.273439828074045543e+00,-5.314704856541024647e+00,-6.012099852050558191e+00,-6.355272308141233673e+00,-6.553116335015488403e+00,-6.680662984741504218e+00,-6.770311967858137159e+00,-6.842479002273289979e+00,-6.901760507083745999e+00,-6.949486113918853292e+00,-6.986045294134030748e+00,-7.012013551628635710e+00,-7.029516170977872846e+00
-5.473995176995009260e+00,-5.472603007061723979e+00,-5.471128835962134396e+00,-5.469565336493380059e+00,-5.467904299347972952e+00,-5.466136499223056333e+00,-5.464251536408121446e+00,-5.462237648609568730e+00,-5.460081486500307335e+00,-5.457767844873625762e+00,-5.455279339237702807e+00,-5.452596015088048809e+00,-5.449694873785515981e+00,-5.446549294753527448e+00,-5.443128328352488055e+00,-5.439395827006570983e+00,-5.435309373615001327e+00,-5.430818955584891583e+00,-5.425865319458377911e+00,-5.420377924099659239e+00,-5.414272386985317098e+00,-5.407447278599094354e+00,-5.399780028112107999e+00,-5.391121419786587765e+00,-5.381287112861702582e+00,-5.370040237149526163e+00,-5.357038002183623249e+00,-5.341593337045795309e+00,-5.321387434946206696e+00,-5.290526596749259625e+00,-5.250619463759336192e+00,-5.211858979235081790e+00,-5.189718733338740897e+00,-5.195982858191740661e+00,-5.224292667349778263e+00,-5.265000062892049471e+00,-5.314685639283249330e+00,-5.376692739996501658e+00,-5.468474938757312387e+00,-6.042367545993480249e+00,-6.365652202431960838e+00,-6.555811207092263615e+00,-6.679948871935076582e+00,-6.768308024724512428e+00,-6.838048155280143092e+00,-6.895065389406330070e+00,-6.940991741828710815e+00,-6.976647373058828983e+00,-7.002991700178925250e+00,-7.021774304978990244e+00
-5.480954190819658400e+00,-5.479748004057269029e+00,-5.478469639455074258e+00,-5.477112521914542675e+00,-5.475669264972309769e+00,-5.474131543546620904e+00,-5.472489942311467459e+00,-5.470733774149592499e+00,-5.468850861660478735e+00,-5.466827272771982216e+00,-5.464646998963271329e+00,-5.462291561226160219e+00,-5.459739524345947004e+00,-5.456965893894240693e+00,-5.453941361776547758e+00,-5.450631354151177277e+00,-5.446994818227413049e+00,-5.442982658786400307e+00,-5.438535695678777593e+00,-5.433581949185256832e+00,-5.428032948011245473e+00,-5.421778541693846876e+00,-5.414679250396664756e+00,-5.406554122898256765e+00,-5.397159230415309317e+00,-5.386143314185864561e+00,-5.372938148845991080e+00,-5.356444776479940550e+00,-5.334259022748256029e+00,-5.302838606192925575e+00,-5.262199671003009449e+00,-5.219401509770563941e+00,-5.197044159285965748e+00,-5.217435457409658639e+00,-5.263218225228706970e+00,-5.320522095147256714e+00,-5.387708797271850258e+00,-5.471356847951554414e+00,-5.594789022903751352e+00,-6.075703445507156353e+00,-6.378485310249319973e+00,-6.560288357992383190e+00,-6.680708821195078251e+00,-6.767306084677749745e+00,-6.834863392991510800e+00,-6.889645244140247371e+00,-6.933852287614469034e+00,-6.968622918778824449e+00,-6.995066023137941791e+00,-7.014674165331076239e+00
-5.487880997452483811e+00,-5.486860838780379446e+00,-5.485778494796777593e+00,-5.484628182627049320e+00,-5.483403387981184984e+00,-5.482096746851998326e+00,-5.480699903642627824e+00,-5.479203340073735440e+00,-5.477596167614928291e+00,-5.475865874041205394e+00,-5.473998011821661791e+00,-5.471975812092506608e+00,-5.469779702483603678e+00,-5.467386699342972278e+00,-5.464769633814238858e+00,-5.461896154947847748e+00,-5.458727428512163193e+00,-5.455216412070218901e+00,-5.451305525410074182e+00,-5.446923431657804571e+00,-5.441980459700371142e+00,-5.436361848744435399e+00,-5.429917285455797327e+00,-5.422443649345286332e+00,-5.413654222156488061e+00,-5.403118542295179516e+00,-5.390135271840989617e+00,-5.373466743881904151e+00,-5.350972268662550491e+00,-5.319967177591345298e+00,-5.279065068305989428e+00,-5.230437341192772038e+00,-5.202533465602600771e+00,-5.244514299281481939e+00,-5.308364723799233076e+00,-5.380208927655385942e+00,-5.461574016661481679e+00,-5.561222342727104362e+00,-5.704484882207411900e+00,-6.113183409320118500e+00,-6.394602355045692299e+00,-6.567213593355151424e+00,-6.683297784442693512e+00,-6.767516204729854046e+00,-6.832864049607107582e+00,-6.885503680893667600e+00,-6.928053804592087417e+00,-6.961902392017578656e+00,-6.988217198887248571e+00,-7.008304700304694990e+00
-5.494776238945949132e+00,-5.493942201311628359e+00,-5.493056147371718545e+00,-5.492113128393705246e+00,-5.491107553958465282e+00,-5.490033085133887880e+00,-5.488882505617802110e+00,-5.487647565346341239e+00,-5.486318789420790765e+00,-5.484885242981063058e+00,-5.483334239603580684e+00,-5.481650976561776467e+00,-5.479818074303301145e+00,-5.477814988905806537e+00,-5.475617253692557362e+00,-5.473195487357958022e+00,-5.470514077044840384e+00,-5.467529399140185653e+00,-5.464187365976188815e+00,-5.460419960228378500e+00,-5.456140195511396840e+00,-5.451234529063564871e+00,-5.445550954110689901e+00,-5.438879390381315737e+00,-5.430917678328324172e+00,-5.421209932380977925e+00,-5.409034133031288327e+00,-5.393220861443714931e+00,-5.371995700100937299e+00,-5.343197299242715026e+00,-5.304852118793031757e+00,-5.255062219570126203e+00,-5.212848806250872435e+00,-5.285903428774346935e+00,-5.363183903800670116e+00,-5.445914546199825068e+00,-5.537900076744251443e+00,-5.648814626910000136e+00,-5.803939266155436094e+00,-6.155456149179791225e+00,-6.414541081040468384e+00,-6.576978853895243837e+00,-6.687927531050744001e+00,-6.769130599998027797e+00,-6.832077333182430046e+00,-6.882606489091298130e+00,-6.923530292002187281e+00,-6.956399252025875946e+00,-6.982398742394023472e+00,-7.002695005798042160e+00
-5.501640361086801434e+00,-5.500992557112302173e+00,-5.500303084426516165e+00,-5.499567871010421882e+00,-5.498782302934068333e+00,-5.497941131644918045e+00,-5.497038361556768393e+00,-5.496067112853464387e+00,-5.495019452848988628e+00,-5.493886187095992746e+00,-5.492656598459209505e+00,-5.491318118192923592e+00,-5.489855907106848676e+00,-5.488252316271293729e+00,-5.486486183959339513e+00,-5.484531906292312797e+00,-5.482358189386655312e+00,-5.479926343873814609e+00,-5.477187906399975326e+00,-5.474081245142847330e+00,-5.470526586621151210e+00,-5.466418511925181356e+00,-5.461614267345526130e+00,-5.455914963377612281e+00,-5.449034555657184420e+00,-5.440548512127125313e+00,-5.429813730364940305e+00,-5.415869981523093735e+00,-5.397405522084640417e+00,-5.372954997062504567e+00,-5.341408640831070365e+00,-5.303897762987618947e+00,-5.288395627027754564e+00,-5.348206854583600567e+00,-5.429304507389479895e+00,-5.518453478769346887e+00,-5.617510013646067613e+00,-5.735611535906281588e+00,-5.896846995518140844e+00,-6.202645024569412691e+00,-6.438469517396321784e+00,-6.589709094037428549e+00,-6.694679396762823309e+00,-6.772253425133860638e+00,-6.832533971888201663e+00,-6.880908924712116459e+00,-6.920198085171306523e+00,-6.952020504533454215e+00,-6.977549317174980281e+00,-6.997838841650682262e+00
-5.508473617294114000e+00,-5.508012151320033745e+00,-5.507519539779957007e+00,-5.506992629432724939e+00,-5.506427834903716345e+00,-5.505821062743660121e+00,-5.505167618926746442e+00,-5.504462095402847588e+00,-5.503698229930313879e+00,-5.502868731508134381e+00,-5.501965061072382035e+00,-5.500977153379544404e+00,-5.499893060645431042e+00,-5.498698490727926824e+00,-5.497376201143744368e+00,-5.495905192909754433e+00,-5.494259621674961735e+00,-5.492407302138805569e+00,-5.490307615644896444e+00,-5.487908523571124242e+00,-5.485142212755111046e+00,-5.481918608361238121e+00,-5.478115520060545585e+00,-5.473563488339078908e+00,-5.468022615675707243e+00,-5.461148871500085988e+00,-5.452452713586434463e+00,-5.441274291755477499e+00,-5.426850507662181577e+00,-5.408624428100569759e+00,-5.387172249093371335e+00,-5.367812191827965762e+00,-5.372976442494172389e+00,-5.425583681181801232e+00,-5.505317561939073734e+00,-5.597383188215822258e+00,-5.700426987908353560e+00,-5.822220741178112391e+00,-5.985178495237345686e+00,-6.254344185452240801e+00,-6.466192080165498624e+00,-6.605297546419520494e+00,-6.703506356868630611e+00,-6.776894799948157910e+00,-6.834226412829792707e+00,-6.880353148797516916e+00,-6.917967056272816606e+00,-6.948671565780927928e+00,-6.973599471102422065e+00,-6.993708476416136577e+00
-5.515276073971380200e+00,-5.515001014828933457e+00,-5.514705500736764243e+00,-5.514387337641814213e+00,-5.514044018778560208e+00,-5.513672668069571792e+00,-5.513269970889743021e+00,-5.512832088785792450e+00,-5.512354553650292921e+00,-5.511832135346883987e+00,-5.511258674693134019e+00,-5.510626870764341767e+00,-5.509928007285129326e+00,-5.509151596813105733e+00,-5.508284912543814471e+00,-5.507312364401801830e+00,-5.506214656315853162e+00,-5.504967631595030220e+00,-5.503540667591115820e+00,-5.501894411310754407e+00,-5.499977544226879012e+00,-5.497722120256269385e+00,-5.495036854057357978e+00,-5.491797668024199552e+00,-5.487835294109371986e+00,-5.482922193334219152e+00,-5.476769158937091042e+00,-5.469062809755707910e+00,-5.459617967106894731e+00,-5.448804351638210974e+00,-5.438668787059459220e+00,-5.435885718126074018e+00,-5.455494231470664701e+00,-5.508960397238745088e+00,-5.587933413804561766e+00,-5.681307183585285081e+00,-5.786024821783060545e+00,-5.908560446972996871e+00,-6.069752872873896088e+00,-6.309678290726731476e+00,-6.497193049622870475e+00,-6.623438501581566662e+00,-6.714239913088838385e+00,-6.782976089812494003e+00,-6.837097095177638195e+00,-6.880862064081361140e+00,-6.916741943698420769e+00,-6.946257534350265495e+00,-6.970475258007624575e+00,-6.990262814606934327e+00
-5.522047617286643728e+00,-5.521958972125238674e+00,-5.521860717173336042e+00,-5.521751655216321275e+00,-5.521630404730169417e+00,-5.521495365012404122e+00,-5.521344673327689634e+00,-5.521176151890472283e+00,-5.520987241811653234e+00,-5.520774920186551249e+00,-5.520535595191445211e+00,-5.520264972235310985e+00,-5.519957881661793131e+00,-5.519608054897653382e+00,-5.519207830845999752e+00,-5.518747767100554924e+00,-5.518216120401138625e+00,-5.517598146775474000e+00,-5.516875153555538702e+00,-5.516023214506390104e+00,-5.515011444080477609e+00,-5.513799745825648024e+00,-5.512336087250951699e+00,-5.510553838746522715e+00,-5.508371135752866188e+00,-5.505697960542200953e+00,-5.502465502979089429e+00,-5.498710992395686503e+00,-5.494786357884682282e+00,-5.491826246279682522e+00,-5.492736229942932979e+00,-5.503871586207742084e+00,-5.535250343750218072e+00,-5.593337150798118884e+00,-5.673873970885622953e+00,-5.768458644995487994e+00,-5.873273355036871202e+00,-5.994034509149789081e+00,-6.150604114340379347e+00,-6.367393896322733227e+00,-6.530695540930556930e+00,-6.643661001283001966e+00,-6.726604434986844794e+00,-6.790340858013740544e+00,-6.841039866842373307e+00,-6.882336718942285714e+00,-6.916421215205224904e+00,-6.944682919896274065e+00,-6.968100127279901912e+00,-6.987452334394184561e+00
-5.528787961328215594e+00,-5.528885650814871155e+00,-5.528984712718025385e+00,-5.529084980515093228e+00,-5.529186239814703363e+00,-5.529288217332756439e+00,-5.529390567167777881e+00,-5.529492853645153083e+00,-5.529594529785908819e+00,-5.529694910178560185e+00,-5.529793136677701781e+00,-5.529888134908806485e+00,-5.529978559026770490e+00,-5.530062721594478425e+00,-5.530138504949500877e+00,-5.530203250363671330e+00,-5.530253622529866853e+00,-5.530285451442014555e+00,-5.530293566191369692e+00,-5.530271666152387411e+00,-5.530212348580653803e+00,-5.530107582642278530e+00,-5.529950312112450028e+00,-5.529738755893277791e+00,-5.529486935146282534e+00,-5.529249112899606189e+00,-5.529174084538904133e+00,-5.529620172892142804e+00,-5.531385864278299813e+00,-5.536142731221051605e+00,-5.547150268645502535e+00,-5.569984566534677661e+00,-5.611673651563146237e+00,-5.676243690795455876e+00,-5.760638030770071083e+00,-5.857170015865853507e+00,-5.960964089544968481e+00,-6.077662101691608143e+00,-6.227214732459397162e+00,-6.425961309473581906e+00,-6.565729010362231222e+00,-6.665367827388288369e+00,-6.740238646603049943e+00,-6.798769965872612175e+00,-6.845907413352369630e+00,-6.884657612193260334e+00,-6.916896543097696082e+00,-6.943851221589367739e+00,-6.966395999399101591e+00,-6.985222225521775741e+00
-5.535496657557678724e+00,-5.535780492745566050e+00,-5.536076797904136981e+00,-5.536386466317400945e+00,-5.536710486680781251e+00,-5.537049957682893542e+00,-5.537406105682372903e+00,-5.537780306363860205e+00,-5.538174111585427717e+00,-5.538589283110277428e+00,-5.539027835634166230e+00,-5.539492092618296226e+00,-5.539984760155105548e+00,-5.540509026846824447e+00,-5.541068702198010065e+00,-5.541668413643646929e+00,-5.542313895513634847e+00,-5.543012426622686561e+00,-5.543773515732358881e+00,-5.544610013417138994e+00,-5.545539979696894939e+00,-5.546589928525135882e+00,-5.547800639961424807e+00,-5.549237842627018580e+00,-5.551012203001518763e+00,-5.553316996772898584e+00,-5.556498606370178450e+00,-5.561185281651944479e+00,-5.568511615478214161e+00,-5.580476697215901005e+00,-5.600402672708566953e+00,-5.633142877942508342e+00,-5.684063352428671223e+00,-5.756072162725098806e+00,-5.846360302200008796e+00,-5.946082191872843481e+00,-6.047819652639468302e+00,-6.158113081155524249e+00,-6.298655329297881522e+00,-6.483679474166772927e+00,-6.601204500856739266e+00,-6.687881297745342124e+00,-6.754723047780200496e+00,-6.807999797122392671e+00,-6.851521803779885289e+00,-6.887688851613002150e+00,-6.918053717418146675e+00,-6.943665035054197965e+00,-6.965284100010777024e+00,-6.983514532129165175e+00
-5.542173105457853133e+00,-5.542642766594856774e+00,-5.543136085132360336e+00,-5.543655037711668676e+00,-5.544201845091544456e+00,-5.544779013676286006e+00,-5.545389386300245249e+00,-5.546036204876294562e+00,-5.546723188419832695e+00,-5.547454631242128897e+00,-5.548235527953909951e+00,-5.549071734626906505e+00,-5.549970179500258283e+00,-5.550939142763632539e+00,-5.551988634489440244e+00,-5.553130914917424832e+00,-5.554381225820252510e+00,-5.555758842313956336e+00,-5.557288623259995397e+00,-5.559003357171336646e+00,-5.560947409112252160e+00,-5.563182544824206488e+00,-5.565797470116906176e+00,-5.568923795967311463e+00,-5.572763164165809968e+00,-5.577633581502117188e+00,-5.584047903268507085e+00,-5.592843167976138119e+00,-5.605381779064789960e+00,-5.623828607542388447e+00,-5.651427722402749154e+00,-5.692490527255245070e+00,-5.751547940061565001e+00,-5.831291904783008739e+00,-5.929346735930303147e+00,-6.034164443351153650e+00,-6.132400352516136799e+00,-6.233605680863144372e+00,-6.363671916042459742e+00,-6.538791390995284836e+00,-6.635999173074781154e+00,-6.710495273663020122e+00,-6.769611452122413553e+00,-6.817742439834358237e+00,-6.857686635639288042e+00,-6.891284092730572297e+00,-6.919774885648546814e+00,-6.944026862767288755e+00,-6.964685848151813019e+00,-6.982269766261586241e+00
-5.548816564251519701e+00,-5.549471581766594497e+00,-5.550161505241969273e+00,-5.550889411974518239e+00,-5.551658775925343292e+00,-5.552473537065618636e+00,-5.553338186344806360e+00,-5.554257870657306029e+00,-5.555238523668970529e+00,-5.556287030449411191e+00,-5.557411436821188211e+00,-5.558621218617487258e+00,-5.559927632314748180e+00,-5.561344177856174298e+00,-5.562887218649970045e+00,-5.564576825572763674e+00,-5.566437946092575473e+00,-5.568502054363023035e+00,-5.570809526959644487e+00,-5.573413135095194093e+00,-5.576383287215546325e+00,-5.579816061943260408e+00,-5.583845746663443244e+00,-5.588664699485335952e+00,-5.594555079415350463e+00,-5.601939484210856079e+00,-5.611460566707736852e+00,-5.624101797250210311e+00,-5.641357868067678361e+00,-5.665441287746656229e+00,-5.699448206351551249e+00,-5.747290603466669090e+00,-5.813120228274719636e+00,-5.900045443674094336e+00,-6.007325477133035108e+00,-6.120638281536108671e+00,-6.212566959517615395e+00,-6.301670519365862866e+00,-6.420799047525477476e+00,-6.589629268250813965e+00,-6.669050877567674895e+00,-6.732530837900281284e+00,-6.784464152012752436e+00,-6.827706365000833166e+00,-6.864199632344041291e+00,-6.895293335060158846e+00,-6.921941688666581882e+00,-6.944840522912387293e+00,-6.964523896171662898e+00,-6.981428245734416116e+00
-5.555426165547769024e+00,-5.556265903414392859e+00,-5.557151825458269023e+00,-5.558088120139947463e+00,-5.559079527264096932e+00,-5.560131435514898079e+00,-5.561250002015496463e+00,-5.562442300036248177e+00,-5.563716503020337711e+00,-5.565082115940951368e+00,-5.566550269014874708e+00,-5.568134094522829258e+00,-5.569849215770468653e+00,-5.571714389375381771e+00,-5.573752360144589524e+00,-5.575991015089408975e+00,-5.578464964869509046e+00,-5.581217745664014629e+00,-5.584304935896246214e+00,-5.587798642557891604e+00,-5.591794066207247837e+00,-5.596419255735945342e+00,-5.601849790103563542e+00,-5.608331067729432462e+00,-5.616212217025315034e+00,-5.625997292143807726e+00,-5.638420861878916668e+00,-5.654554678673486379e+00,-5.675945786713474384e+00,-5.704766502580658205e+00,-5.743915161979493256e+00,-5.796955699578352217e+00,-5.867790810183604044e+00,-5.960073448879151137e+00,-6.076013779926331182e+00,-6.204726918568913341e+00,-6.283586584738193537e+00,-6.359042728998373306e+00,-6.468624154008477234e+00,-6.634803704140421310e+00,-6.699457838448491742e+00,-6.753390680927360279e+00,-6.798879518694553425e+00,-6.837615886839458312e+00,-6.870864632303777420e+00,-6.899569780423396637e+00,-6.924438796736579249e+00,-6.946012928203188608e+00,-6.964723296548585907e+00,-6.980931275686710791e+00
-5.562000926757384889e+00,-5.563024568390392055e+00,-5.564105668458240395e+00,-5.565249529925480942e+00,-5.566462162135290548e+00,-5.567750406394921470e+00,-5.569122089854263713e+00,-5.570586215468429359e+00,-5.572153198388716255e+00,-5.573835162654736664e+00,-5.575646316989510964e+00,-5.577603435462236803e+00,-5.579726478734004402e+00,-5.582039405987913483e+00,-5.584571248686618361e+00,-5.587357548422797748e+00,-5.590442307638323172e+00,-5.593880672109545316e+00,-5.597742670483504490e+00,-5.602118497947016884e+00,-5.607126076285472216e+00,-5.612921989333336192e+00,-5.619717426369465585e+00,-5.627801501882129465e+00,-5.637575234250191691e+00,-5.649600354639916056e+00,-5.664667349172781918e+00,-5.683885221156164569e+00,-5.708788551736015293e+00,-5.741441748829069880e+00,-5.784495687649290119e+00,-5.841134379061323934e+00,-5.914881380942934364e+00,-6.009345928701041117e+00,-6.128088033189963646e+00,-6.273927177465727034e+00,-6.334455006873005445e+00,-6.402585584341560221e+00,-6.506280658966244523e+00,-6.666599005890735619e+00,-6.726568182526372119e+00,-6.772604802229365006e+00,-6.812520411417364308e+00,-6.847227626473861406e+00,-6.877501985477242563e+00,-6.903976077239505571e+00,-6.927157385380626309e+00,-6.947455976136063249e+00,-6.965212708758680371e+00,-6.980722211940987521e+00
-5.568539765107093586e+00,-5.569746301903326646e+00,-5.571021532277924848e+00,-5.572371869658874211e+00,-5.573804587444283420e+00,-5.575327971994381571e+00,-5.576951509892516867e+00,-5.578686118792838933e+00,-5.580544434164646184e+00,-5.582541168345482419e+00,-5.584693563992334298e+00,-5.587021971953983979e+00,-5.589550594782444648e+00,-5.592308453049199990e+00,-5.595330654557250760e+00,-5.598660079767206810e+00,-5.602349645241773146e+00,-5.606465377987040810e+00,-5.611090637868289654e+00,-5.616331977704895451e+00,-5.622327350727280404e+00,-5.629257685047628357e+00,-5.637363261599692699e+00,-5.646966845236136123e+00,-5.658506040016941796e+00,-5.672577601928686875e+00,-5.689995826671102819e+00,-5.711864446777568105e+00,-5.739654912521343633e+00,-5.775271944926930523e+00,-5.821071715223454568e+00,-5.879788851146670936e+00,-5.954335876695747487e+00,-6.047401073103207736e+00,-6.160076647380131831e+00,-6.280002706525879219e+00,-6.358556085864412566e+00,-6.431705979122388506e+00,-6.533964974917221724e+00,-6.687525470592097676e+00,-6.750035490580295061e+00,-6.789859336715882598e+00,-6.825132044096229755e+00,-6.856342449833310759e+00,-6.883956550744265712e+00,-6.908389419068475590e+00,-6.929998174354738971e+00,-6.949088314715569759e+00,-6.965925540000592164e+00,-6.980747400377026679e+00
-5.575041512074796479e+00,-5.576429734660552917e+00,-5.577897810774203435e+00,-5.579453252835991250e+00,-5.581104583618418324e+00,-5.582861515521782003e+00,-5.584735169655655973e+00,-5.586738345382813442e+00,-5.588885854325754465e+00,-5.591194937380155494e+00,-5.593685789505828510e+00,-5.596382225666167720e+00,-5.599312533260168756e+00,-5.602510573182243547e+00,-5.606017215344720306e+00,-5.609882228119309922e+00,-5.614166788991933110e+00,-5.618946851781160490e+00,-5.624317702118855067e+00,-5.630400167665947642e+00,-5.637349133726745620e+00,-5.645365256241097640e+00,-5.654711056483601617e+00,-5.665732882270583026e+00,-5.678890404580462459e+00,-5.694795103818004023e+00,-5.714258040004563277e+00,-5.738344200448624477e+00,-5.768424749425227205e+00,-5.806208886589846685e+00,-5.853724773980226281e+00,-5.913205514894662507e+00,-5.986804723801512296e+00,-6.075892706674288490e+00,-6.178747904415165415e+00,-6.282826686359353374e+00,-6.368049608671165984e+00,-6.449334675071201062e+00,-6.553006400939743514e+00,-6.702046576960251301e+00,-6.769820248498322535e+00,-6.805002840796539942e+00,-6.836549222270720705e+00,-6.864811947863363351e+00,-6.890102788934416189e+00,-6.912705147325906019e+00,-6.932873762052912170e+00,-6.950836798823424978e+00,-6.966800921887013054e+00,-6.980956968281446962e+00
-5.581504928064734194e+00,-5.583073420265371567e+00,-5.584732814350219954e+00,-5.586491702937931514e+00,-5.588359834483734190e+00,-5.590348317276153445e+00,-5.592469868211850326e+00,-5.594739118118019050e+00,-5.597172988988167397e+00,-5.599791163338349698e+00,-5.602616672451796731e+00,-5.605676639228683200e+00,-5.609003223635062874e+00,-5.612634835672461797e+00,-5.616617704212686135e+00,-5.621007922505115495e+00,-5.625874136093711009e+00,-5.631301100710604857e+00,-5.637394421756614094e+00,-5.644286898655585638e+00,-5.652147039937058359e+00,-5.661190484112732513e+00,-5.671695234341572522e+00,-5.684021728758761327e+00,-5.698638684506136975e+00,-5.716155104390821862e+00,-5.737357365657794084e+00,-5.763247259724790794e+00,-5.795071473377688243e+00,-5.834324774955137904e+00,-5.882697704394827198e+00,-5.941920990790823254e+00,-6.013409529511671181e+00,-6.097440710142258524e+00,-6.191188163765584562e+00,-6.285821290273776896e+00,-6.372590676477141614e+00,-6.459570852928344209e+00,-6.565353740378955472e+00,-6.711258142459451292e+00,-6.786136193643250714e+00,-6.818030068134470767e+00,-6.846692918661812399e+00,-6.872539368868316068e+00,-6.895846832685207595e+00,-6.916838715091919276e+00,-6.935710108275881858e+00,-6.952637516861337019e+00,-6.967784449551150061e+00,-6.981305442087217372e+00
-5.587928717142008672e+00,-5.589675852642772114e+00,-5.591524790657778077e+00,-5.593485178142742598e+00,-5.595567956907666840e+00,-5.597785590385843335e+00,-5.600152339486805353e+00,-5.602684600163353679e+00,-5.605401319068217703e+00,-5.608324508664837893e+00,-5.611479889836704871e+00,-5.614897699025372724e+00,-5.618613709058562833e+00,-5.622670529245849202e+00,-5.627119272541747819e+00,-5.632021707583051651e+00,-5.637453053657620394e+00,-5.643505629959626013e+00,-5.650293639476736018e+00,-5.657959453729715982e+00,-5.666681864232685051e+00,-5.676686866848789315e+00,-5.688261612552254931e+00,-5.701772120555410162e+00,-5.717685070245963175e+00,-5.736593230816428246e+00,-5.759242488467088528e+00,-5.786555507488511552e+00,-5.819642286538225129e+00,-5.859780735450684119e+00,-5.908339874749589882e+00,-5.966600026863310369e+00,-6.035384458898988669e+00,-6.114339424998965988e+00,-6.200743643035949049e+00,-6.289041980466501869e+00,-6.375458205580863513e+00,-6.465545405177405058e+00,-6.572932483477203824e+00,-6.716331661343355464e+00,-6.799363002563046265e+00,-6.829049478285064367e+00,-6.855558294993318924e+00,-6.879475772731422190e+00,-6.901125805698081983e+00,-6.920726073177988269e+00,-6.938447136092320555e+00,-6.954436333997776387e+00,-6.968828641153206327e+00,-6.981752174145183787e+00
-5.594311541650770714e+00,-5.596235483274075939e+00,-5.598271945000952599e+00,-5.600431595583743594e+00,-5.602726529766337116e+00,-5.605170515552727828e+00,-5.607779294124009439e+00,-5.610570945628281514e+00,-5.613566337858932442e+00,-5.616789679828135817e+00,-5.620269208837167518e+00,-5.624038048380701760e+00,-5.628135285807137400e+00,-5.632607334009084532e+00,-5.637509661690274676e+00,-5.642909003322374772e+00,-5.648886194250604120e+00,-5.655539819794356049e+00,-5.662990919900837916e+00,-5.671389050672311249e+00,-5.680920063047732782e+00,-5.691815998226218198e+00,-5.704367480180210670e+00,-5.718938835098492213e+00,-5.735985760873146155e+00,-5.756074510385920107e+00,-5.779899963132964835e+00,-5.808297300463449275e+00,-5.842237915794237679e+00,-5.882794310923133096e+00,-5.931050344511785255e+00,-5.987920540537369440e+00,-6.053824726239749765e+00,-6.128170349101838887e+00,-6.208804129573318953e+00,-6.292441075213494273e+00,-6.377729698930808766e+00,-6.469144917573519393e+00,-6.577289225142268769e+00,-6.718337817296270664e+00,-6.809955871446479847e+00,-6.838244137703647141e+00,-6.863197673476855165e+00,-6.885612803836689721e+00,-6.905904972685544152e+00,-6.924322708642602464e+00,-6.941038524371163199e+00,-6.956188958607958384e+00,-6.969893107884765016e+00,-6.982261573918332687e+00
-5.600652036548503965e+00,-5.602750738032666433e+00,-5.604972460182237270e+00,-5.607328854831096443e+00,-5.609833121830789082e+00,-5.612500274291278402e+00,-5.615347459246204487e+00,-5.618394347292354318e+00,-5.621663608491957120e+00,-5.625181496686158411e+00,-5.628978570694422423e+00,-5.633090589111842128e+00,-5.637559626122475187e+00,-5.642435469600131981e+00,-5.647777380540944137e+00,-5.653656315348909445e+00,-5.660157740254533110e+00,-5.667385200106568099e+00,-5.675464840299587088e+00,-5.684551115838528901e+00,-5.694833944561487726e+00,-5.706547550601726471e+00,-5.719981159548750860e+00,-5.735491480974395095e+00,-5.753516440615084271e+00,-5.774588749998871506e+00,-5.799346428434978939e+00,-5.828535106504800112e+00,-5.862993661568378201e+00,-5.903610375800941945e+00,-5.951231470057434692e+00,-6.006498741720762702e+00,-6.069596041264692765e+00,-6.139932361891047741e+00,-6.215988822550560400e+00,-6.295967020164654038e+00,-6.379800434542049814e+00,-6.471422548361069893e+00,-6.579533893287687896e+00,-6.718159354589103849e+00,-6.818374596801952237e+00,-6.845834978640528590e+00,-6.869702180733946228e+00,-6.890973719060749403e+00,-6.910173466756468486e+00,-6.927601675071274556e+00,-6.943450835524537013e+00,-6.957860586023445926e+00,-6.970944452548955894e+00,-6.982803152433367799e+00
-5.606948823300413665e+00,-5.609220033429132002e+00,-5.611624515554997750e+00,-5.614174860304831149e+00,-5.616885318211024547e+00,-5.619772080215232890e+00,-5.622853615564327612e+00,-5.626151080712656238e+00,-5.629688816443366051e+00,-5.633494955032577245e+00,-5.637602165183666969e+00,-5.642048569997331953e+00,-5.646878882817651046e+00,-5.652145817841924824e+00,-5.657911847313085829e+00,-5.664251395172253289e+00,-5.671253578036017373e+00,-5.679025627113738039e+00,-5.687697146139695903e+00,-5.697425374049515767e+00,-5.708401614488882281e+00,-5.720858945047313959e+00,-5.735081190141221974e+00,-5.751412874415439802e+00,-5.770269383788996009e+00,-5.792145738024695234e+00,-5.817621097911428230e+00,-5.847354290860855563e+00,-5.882063235580947236e+00,-5.922478414217480669e+00,-5.969258360485256709e+00,-6.022856518696783290e+00,-6.083343809345218567e+00,-6.150247156865651377e+00,-6.222601866228163026e+00,-6.299576174454176503e+00,-6.381825569553390309e+00,-6.472960983707688243e+00,-6.580418847945638028e+00,-6.716476824173643223e+00,-6.825039859922916285e+00,-6.852051920525974005e+00,-6.875184997360343608e+00,-6.895604162908592905e+00,-6.913939350243662574e+00,-6.930550994016169142e+00,-6.945662162858679878e+00,-6.959425205043360485e+00,-6.971955935750103528e+00,-6.983351400401978104e+00
-5.613200523192092284e+00,-5.615641792093502893e+00,-5.618226305072668403e+00,-5.620967542364326164e+00,-5.623880745047926233e+00,-5.626983207995969849e+00,-5.630294631380103887e+00,-5.633837544169621125e+00,-5.637637816440606464e+00,-5.641725281579654805e+00,-5.646134494825671979e+00,-5.650905661285231751e+00,-5.656085774829183066e+00,-5.661730019341918663e+00,-5.667903495734904595e+00,-5.674683351739380655e+00,-5.682161405939678112e+00,-5.690447370842337094e+00,-5.699672788031404203e+00,-5.709995784290066823e+00,-5.721606728209628123e+00,-5.734734791302561696e+00,-5.749655263518649306e+00,-5.766697193358199414e+00,-5.786250455487126132e+00,-5.808770623056171090e+00,-5.834778978193520871e+00,-5.864853629138063518e+00,-5.899606160849072189e+00,-5.939637017443667233e+00,-5.985463229487612224e+00,-6.037417620865596746e+00,-6.095537546891583780e+00,-6.159508260113259581e+00,-6.228806311189027056e+00,-6.303233502033408264e+00,-6.383865420826428050e+00,-6.474087030622994732e+00,-6.580441186978972290e+00,-6.713792927796139232e+00,-6.830313227310980118e+00,-6.857114498787096224e+00,-6.879767893078423846e+00,-6.899563785351096712e+00,-6.917224650038214406e+00,-6.933170785393826030e+00,-6.947660489951093865e+00,-6.960864667322645083e+00,-6.972906961470457077e+00,-6.983885528689942390e+00
-5.619405769934991746e+00,-5.622014457344381988e+00,-5.624776054154986937e+00,-5.627704876859945138e+00,-5.630817092198584284e+00,-5.634131019692762088e+00,-5.637667493133251106e+00,-5.641450294052575920e+00,-5.645506673328805292e+00,-5.649867980912022247e+00,-5.654570428394738002e+00,-5.659656014898992282e+00,-5.665173653632676221e+00,-5.671180544487469000e+00,-5.677743847023127621e+00,-5.684942717533373546e+00,-5.692870782348681935e+00,-5.701639124641598499e+00,-5.711379859348872046e+00,-5.722250352935853712e+00,-5.734438099560635216e+00,-5.748166174343530166e+00,-5.763699021473156492e+00,-5.781348064839009204e+00,-5.801476211260133908e+00,-5.824499715436956215e+00,-5.850885084910485645e+00,-5.881137794895432869e+00,-5.915778805545299335e+00,-5.955304850970533970e+00,-6.000130613810481073e+00,-6.050518201395306050e+00,-6.106517156991261075e+00,-6.167972053609396710e+00,-6.234696301746336822e+00,-6.306911354503167644e+00,-6.385939971850615571e+00,-6.474987141695764059e+00,-6.579926370942982494e+00,-6.710469126406823470e+00,-6.834493115324757895e+00,-6.861220980138956094e+00,-6.883571549959484059e+00,-6.902919322728648943e+00,-6.920060825745699695e+00,-6.935470420225644972e+00,-6.949441937150415249e+00,-6.962167619817558162e+00,-6.973782438606889400e+00,-6.984389104254478120e+00
-5.625563221457294816e+00,-5.628336506718589760e+00,-5.631272035223536143e+00,-5.634384902975290821e+00,-5.637692133718200438e+00,-5.641212988232955361e+00,-5.644969332249802463e+00,-5.648986075429303533e+00,-5.653291696648481413e+00,-5.657918874209055815e+00,-5.662905243632908814e+00,-5.668294310477794085e+00,-5.674136551076254698e+00,-5.680490740119977566e+00,-5.687425550179511902e+00,-5.695021473733280715e+00,-5.703373121530006529e+00,-5.712591949425873672e+00,-5.722809454756228043e+00,-5.734180855765136364e+00,-5.746889212996550533e+00,-5.761149854723083941e+00,-5.777214809502937420e+00,-5.795376704444702654e+00,-5.815971236172415182e+00,-5.839376855712684389e+00,-5.866009761719643834e+00,-5.896311790629089167e+00,-5.930728627087805016e+00,-5.969676570284952355e+00,-6.013499122520961748e+00,-6.062422062861881678e+00,-6.116530194075187055e+00,-6.175811014732651039e+00,-6.240329785166235155e+00,-6.310588071102666063e+00,-6.388051511074553268e+00,-6.475769048847947573e+00,-6.579087156950532922e+00,-6.706760857664103348e+00,-6.837819448785946719e+00,-6.864543795227867840e+00,-6.886709370435668554e+00,-6.905739345493504544e+00,-6.922484934780979593e+00,-6.937465904555268459e+00,-6.951009036874274294e+00,-6.963328389669480423e+00,-6.974572073200147493e+00,-6.984849615490323238e+00
-5.631671570791599635e+00,-5.634606464360039979e+00,-5.637712581791784139e+00,-5.641005739232156202e+00,-5.644503745999559285e+00,-5.648226717896961624e+00,-5.652197448150052317e+00,-5.656441847679828605e+00,-5.660989468857368756e+00,-5.665874129772140222e+00,-5.671134659394001964e+00,-5.676815787795393753e+00,-5.682969209705873936e+00,-5.689654853815863333e+00,-5.696942393878900113e+00,-5.704913039790525886e+00,-5.713661645767318831e+00,-5.723299165795104670e+00,-5.733955469447331588e+00,-5.745782497742180084e+00,-5.758957680105672772e+00,-5.773687438174932574e+00,-5.790210456472304479e+00,-5.808800190850631928e+00,-5.829765807059873239e+00,-5.853450408139032390e+00,-5.880225079750324824e+00,-5.910477103533250620e+00,-5.944590963802269812e+00,-5.982922069060856884e+00,-6.025766377431695631e+00,-6.073335672033805643e+00,-6.125759082241973630e+00,-6.183144915164366928e+00,-6.245744515062400914e+00,-6.314246758775977852e+00,-6.390194725503069328e+00,-6.476495265219690545e+00,-6.578062742144073383e+00,-6.702846439407038837e+00,-6.840481946976264105e+00,-6.867229053808640238e+00,-6.889284073570927980e+00,-6.908090586170975378e+00,-6.924536592716087569e+00,-6.939177618467075703e+00,-6.952369139229535477e+00,-6.964345893584845903e+00,-6.975269639497416740e+00,-6.985257998789287548e+00
-5.637729555990464547e+00,-5.640822912191699068e+00,-5.644096101027713530e+00,-5.647565597573206198e+00,-5.651249923487172921e+00,-5.655169961736195461e+00,-5.659349327370482463e+00,-5.663814805199309355e+00,-5.668596867290487396e+00,-5.673730285600976586e+00,-5.679254857704806980e+00,-5.685216266430146881e+00,-5.691667097053813684e+00,-5.698668038159964588e+00,-5.706289293707293098e+00,-5.714612233204326763e+00,-5.723731302484178940e+00,-5.733756206837722580e+00,-5.744814357463956078e+00,-5.757053536113794223e+00,-5.770644674627752657e+00,-5.785784557730763389e+00,-5.802698130990375347e+00,-5.821639926766421169e+00,-5.842893915074779621e+00,-5.866770872178006968e+00,-5.893602210065773228e+00,-5.923729274855627835e+00,-5.957487676522469577e+00,-5.995187710294806571e+00,-6.037095020718806992e+00,-6.083421018406341751e+00,-6.134340213029180866e+00,-6.190059459214607429e+00,-6.250966400497593334e+00,-6.317874302741768311e+00,-6.392361402584560537e+00,-6.477201784281812813e+00,-6.576944197233958178e+00,-6.698849053783853869e+00,-6.842629115346870350e+00,-6.869398352626037152e+00,-6.891386298863042548e+00,-6.910035602889967876e+00,-6.926255708347178519e+00,-6.940628462033304302e+00,-6.953533010176395024e+00,-6.965222623950155345e+00,-6.975872268651582608e+00,-6.985608153918662744e+00
-5.643735969020066356e+00,-5.646984499819433623e+00,-5.650421084739084776e+00,-5.654062795478449033e+00,-5.657928791935967539e+00,-5.662040635919936449e+00,-5.666422658840655657e+00,-5.671102393285089249e+00,-5.676111080091581051e+00,-5.681484264435620268e+00,-5.687262496441010562e+00,-5.693492153806672285e+00,-5.700226405638740168e+00,-5.707526337678715755e+00,-5.715462258740552137e+00,-5.724115205355688296e+00,-5.733578654792679252e+00,-5.743960443486663792e+00,-5.755384865341659939e+00,-5.767994888278319188e+00,-5.781954372950781185e+00,-5.797450099860057549e+00,-5.814693306964607622e+00,-5.833920311424978244e+00,-5.855391650200696851e+00,-5.879389061410439155e+00,-5.906209617725183492e+00,-5.936156553496757304e+00,-5.969527027401335673e+00,-6.006598565406895851e+00,-6.047618630180258137e+00,-6.092805915286991336e+00,-6.142377162292763870e+00,-6.196617705289845013e+00,-6.256014100705123759e+00,-6.321460582741798007e+00,-6.394542658211743280e+00,-6.477908799755094371e+00,-6.575790918419642139e+00,-6.694852820408662808e+00,-6.844376527413313482e+00,-6.871151641983641589e+00,-6.893094525919122972e+00,-6.911631479641889619e+00,-6.927680902259423235e+00,-6.941842406759921147e+00,-6.954513650909829536e+00,-6.965963744737562635e+00,-6.976379783561488246e+00,-6.985896470478646592e+00
-5.649689663601167311e+00,-5.653089953140392865e+00,-5.656686118761666826e+00,-5.660495766109983506e+00,-5.664538619232817318e+00,-5.668836831067858739e+00,-5.673415345431992662e+00,-5.678302319416925314e+00,-5.683529616463350642e+00,-5.689133381817189417e+00,-5.695154713471820784e+00,-5.701640442899205574e+00,-5.708644040591072333e+00,-5.716226661225853434e+00,-5.724458341473763312e+00,-5.733419359057732478e+00,-5.743201753289650213e+00,-5.753910992975504790e+00,-5.765667754849458149e+00,-5.778609741610098105e+00,-5.792893420162388729e+00,-5.808695495637056894e+00,-5.826213855733351821e+00,-5.845667629667882892e+00,-5.867295925187284489e+00,-5.891354775086745654e+00,-5.918111913686945336e+00,-5.947839333072510115e+00,-5.980804315613794664e+00,-6.017261028893528874e+00,-6.057447010451074476e+00,-6.101591975134432744e+00,-6.149949833492631690e+00,-6.202867255284006731e+00,-6.260901669194442576e+00,-6.324997856569842369e+00,-6.396729975660712775e+00,-6.478627001191749279e+00,-6.574641311764509055e+00,-6.690914308793177945e+00,-6.837188555186260785e+00,-6.872570392200441525e+00,-6.894475773478148994e+00,-6.912929275883154645e+00,-6.928848486323873068e+00,-6.942843417090829305e+00,-6.955325341612184076e+00,-6.966576313721109415e+00,-6.976794098459428106e+00,-6.986121382010435532e+00
