-1.039169987740130630e+01,-1.038865231069305928e+01,-1.038543378687789165e+01,-1.038202927929190800e+01,-1.037842184309912774e+01,-1.037459227705531895e+01,-1.037051870764619466e+01,-1.036617607374892991e+01,-1.036153548273905223e+01,-1.035656339899322376e+01,-1.035122061183528785e+01,-1.034546091036551552e+01,-1.033922936461249620e+01,-1.033246007190586546e+01,-1.032507316776467654e+01,-1.031697081146443296e+01,-1.030803172060024764e+01,-1.029810361747610870e+01,-1.028699261297059842e+01,-1.027444800140916570e+01,-1.026014000834184081e+01,-1.024362640694011617e+01,-1.022430096881474704e+01,-1.020919272818343515e+01,-1.023575574158916268e+01,-1.026195518235436843e+01,-1.028783819962736956e+01,-1.031344239900963622e+01,-1.033879407768758441e+01,-1.036390662916392102e+01,-1.038877932292990991e+01,-1.041339666570750921e+01,-1.043772852150231678e+01,-1.046173110725356459e+01,-1.048534889551990545e+01,-1.050851735724477720e+01,-1.053116638124788729e+01,-1.055322412767777429e+01,-1.057462102208907595e+01,-1.059529358165850788e+01,-1.061518778582879285e+01,-1.063426175530865514e+01,-1.065248757677868419e+01,-1.066985219486132230e+01,-1.068635737712457257e+01,-1.070201883320883240e+01,-1.071686462947244323e+01,-1.073093308248207300e+01,-1.074427033693869937e+01,-1.075692783618626791e+01
-1.039527254937504530e+01,-1.039234113391412961e+01,-1.038924688034159516e+01,-1.038597570792257407e+01,-1.038251177507122947e+01,-1.037883717443492060e+01,-1.037493155876285122e+01,-1.037077167816602064e+01,-1.036633080297576903e+01,-1.036157799758724529e+01,-1.035647719839254677e+01,-1.035098603161972797e+01,-1.034505428226408874e+01,-1.033862188974442908e+01,-1.033161629383776869e+01,-1.032394887690722385e+01,-1.031551013086562918e+01,-1.030616299535159186e+01,-1.029573352540056952e+01,-1.028399757846301021e+01,-1.027066142665962367e+01,-1.025533284412549762e+01,-1.023747678432012798e+01,-1.021634519890278803e+01,-1.022264915892552573e+01,-1.024985717178429034e+01,-1.027672719533766710e+01,-1.030330452940907726e+01,-1.032962199551743510e+01,-1.035569794440424296e+01,-1.038153466441266737e+01,-1.040711745310778191e+01,-1.043241458315871739e+01,-1.045737832083106511e+01,-1.048194704902868502e+01,-1.050604842217611612e+01,-1.052960335731806296e+01,-1.055253056452608718e+01,-1.057475125562671003e+01,-1.059619365181997175e+01,-1.061679693821302273e+01,-1.063651437959151735e+01,-1.065531540468830407e+01,-1.067318657132870463e+01,-1.069013142830256058e+01,-1.070616938064534196e+01,-1.072133373614774143e+01,-1.073566915903218799e+01,-1.074922878103937052e+01,-1.076207122098571389e+01
-1.039879923161805131e+01,-1.039598042789633148e+01,-1.039300647910244990e+01,-1.038986418420873292e+01,-1.038653872637756059e+01,-1.038301339871542517e+01,-1.037926926855053367e+01,-1.037528476309407033e+01,-1.037103515369649642e+01,-1.036649190812844168e+01,-1.036162186949062658e+01,-1.035638620513931762e+01,-1.035073904737435235e+01,-1.034462571647782880e+01,-1.033798037119624880e+01,-1.033072286429274200e+01,-1.032275447898868137e+01,-1.031395206543717968e+01,-1.030415984983739186e+01,-1.029317779100895258e+01,-1.028074469891263476e+01,-1.026651319766261672e+01,-1.025001160324570826e+01,-1.023058405711761765e+01,-1.020859786257328317e+01,-1.023688620126840831e+01,-1.026481098199361774e+01,-1.029242671471972947e+01,-1.031977417347867565e+01,-1.034687791414794589e+01,-1.037374421153372595e+01,-1.040035974963637955e+01,-1.042669136685218412e+01,-1.045268707051506318e+01,-1.047827840187794735e+01,-1.050338407382078643e+01,-1.052791464597266113e+01,-1.055177787212424079e+01,-1.057488427335893988e+01,-1.059715246802160138e+01,-1.061851382627565243e+01,-1.063891610268603038e+01,-1.065832581852316707e+01,-1.067672929721643627e+01,-1.069413238377735986e+01,-1.071055898847295218e+01,-1.072604867856263233e+01,-1.074065359662834140e+01,-1.075443501012927072e+01,-1.076745979523834684e+01
-1.040228178165767936e+01,-1.039957223422202937e+01,-1.039671483099145632e+01,-1.039369718759023797e+01,-1.039050543715022989e+01,-1.038712398421662542e+01,-1.038353520428936250e+01,-1.037971907392786441e+01,-1.037565271138136680e+01,-1.037130980086697818e+01,-1.036665986410522500e+01,-1.036166732936029966e+01,-1.035629032925444548e+01,-1.035047913135064057e+01,-1.034417406577741261e+01,-1.033730275547049438e+01,-1.032977636641594366e+01,-1.032148446028093147e+01,-1.031228782073144146e+01,-1.030200828659661028e+01,-1.029041406827180261e+01,-1.027719807790325923e+01,-1.026194513902626859e+01,-1.024408089005464717e+01,-1.022278933891338681e+01,-1.022295220062713206e+01,-1.025200659309702722e+01,-1.028073236304314975e+01,-1.030917998332833463e+01,-1.033738176948768661e+01,-1.036534921843524160e+01,-1.039307119737235041e+01,-1.042051337808903533e+01,-1.044761920693840551e+01,-1.047431253290193176e+01,-1.050050181257109649e+01,-1.052608560760565126e+01,-1.055095892301940097e+01,-1.057501983077183816e+01,-1.059817579639608098e+01,-1.062034917571748771e+01,-1.064148146021160102e+01,-1.066153600084308195e+01,-1.068049910597424024e+01,-1.069837956608563267e+01,-1.071520678978674113e+01,-1.073102783305464492e+01,-1.074590366504065031e+01,-1.075990504117220858e+01,-1.077310834959636843e+01
-1.040572202847671335e+01,-1.040311856436274951e+01,-1.040037415204216487e+01,-1.039747716385067910e+01,-1.039441461175204573e+01,-1.039117192699473335e+01,-1.038773269192694215e+01,-1.038407831079537758e+01,-1.038018760201180335e+01,-1.037603628838745884e+01,-1.037159635351124720e+01,-1.036683522075427177e+01,-1.036171469478443008e+01,-1.035618958164478620e+01,-1.035020586881082316e+01,-1.034369829559327592e+01,-1.033658706784550851e+01,-1.032877335453897416e+01,-1.032013302285626111e+01,-1.031050778068985352e+01,-1.029969242544553687e+01,-1.028741610682326346e+01,-1.027331413236847091e+01,-1.025688434503791058e+01,-1.023741736230113020e+01,-1.021388049969096734e+01,-1.023821987289680990e+01,-1.026813459597390654e+01,-1.029775925821563831e+01,-1.032713587525174148e+01,-1.035628274589537234e+01,-1.038519198228297746e+01,-1.041382851080871497e+01,-1.044213093728912334e+01,-1.047001445721739188e+01,-1.049737572922711593e+01,-1.052409936608158958e+01,-1.055006548098819685e+01,-1.057515759412121525e+01,-1.059927017254016945e+01,-1.062231514368789220e+01,-1.064422686871990287e+01,-1.066496525654865479e+01,-1.068451690889276939e+01,-1.070289438086849643e+01,-1.072013379988408843e+01,-1.073629119828519407e+01,-1.075143798277284191e+01,-1.076565599135687812e+01,-1.077903258014737986e+01
-1.040912177161133556e+01,-1.040662139885648685e+01,-1.040398662581402256e+01,-1.040120652467858164e+01,-1.039826891870038139e+01,-1.039516018529701213e+01,-1.039186501728818790e+01,-1.038836613082034255e+01,-1.038464390477769683e+01,-1.038067593127398602e+01,-1.037643644957477029e+01,-1.037189562561585277e+01,-1.036701862482123992e+01,-1.036176440516512365e+01,-1.035608412727551375e+01,-1.034991903402940316e+01,-1.034319758590453908e+01,-1.033583153794729270e+01,-1.032771048900441713e+01,-1.031869418865571753e+01,-1.030860148999546411e+01,-1.029719417366586853e+01,-1.028415272521296053e+01,-1.026903909806065940e+01,-1.025123765438210022e+01,-1.022985790999302225e+01,-1.022334355787368665e+01,-1.025453451916534675e+01,-1.028542069508970158e+01,-1.031605622914594278e+01,-1.034646824539571952e+01,-1.037665351268104708e+01,-1.040657684565032426e+01,-1.043617177699404408e+01,-1.046534376440972203e+01,-1.049397585429461621e+01,-1.052193637952207439e+01,-1.054908798675961812e+01,-1.057529711812777684e+01,-1.060044303504124841e+01,-1.062442556383918024e+01,-1.064717093549756477e+01,-1.066863534352496501e+01,-1.068880610983283219e+01,-1.070770058892271237e+01,-1.072536313022779630e+01,-1.074186054709465310e+01,-1.075727661305352889e+01,-1.077170613252609321e+01,-1.078524912046546014e+01
-1.041248277994661819e+01,-1.041008268612200638e+01,-1.040755440228133466e+01,-1.040488764671047228e+01,-1.040207098997544755e+01,-1.039909167928825440e+01,-1.039593542642841939e+01,-1.039258614938300695e+01,-1.038902565462166372e+01,-1.038523324243660717e+01,-1.038118521151877793e+01,-1.037685423012830555e+01,-1.037220852868535026e+01,-1.036721085060254843e+01,-1.036181707202641000e+01,-1.035597436270673910e+01,-1.034961870293405362e+01,-1.034267148486178023e+01,-1.033503479324249952e+01,-1.032658475134350162e+01,-1.031716198139258367e+01,-1.030655767285665370e+01,-1.029449280249762388e+01,-1.028058636732254350e+01,-1.026430537731199877e+01,-1.024488330033340233e+01,-1.022118119228756150e+01,-1.023981913353391349e+01,-1.027205993132512774e+01,-1.030404665338270753e+01,-1.033581784649032898e+01,-1.036737681210754580e+01,-1.039868918035243617e+01,-1.042968326150970171e+01,-1.046025355567171289e+01,-1.049026735370075514e+01,-1.051957390929126568e+01,-1.054801529281147410e+01,-1.057543781773560809e+01,-1.060170288836708785e+01,-1.062669624425415904e+01,-1.065033483267126435e+01,-1.067257086821082090e+01,-1.069339297708063974e+01,-1.071282462213529918e+01,-1.073092023074113754e+01,-1.074775959180872498e+01,-1.076344116166416498e+01,-1.077807494102581209e+01,-1.079177556876871868e+01
-1.041580679021157607e+01,-1.041350434090932353e+01,-1.041107959628285506e+01,-1.040852287004508625e+01,-1.040582341969425784e+01,-1.040296929001984516e+01,-1.039994712508667973e+01,-1.039674194031852217e+01,-1.039333684353803022e+01,-1.038971268999062048e+01,-1.038584765102428875e+01,-1.038171666853696173e+01,-1.037729075652535649e+01,-1.037253609555135014e+01,-1.036741284336402202e+01,-1.036187355169692204e+01,-1.035586102978726331e+01,-1.034930542047336566e+01,-1.034212014019160009e+01,-1.033419615532225144e+01,-1.032539378186260848e+01,-1.031553072784655356e+01,-1.030436430813449888e+01,-1.029156437767793086e+01,-1.027667100125287192e+01,-1.025902602857410351e+01,-1.023765791154436577e+01,-1.022385879517408114e+01,-1.025755721536427245e+01,-1.029099660340223465e+01,-1.032423027291709694e+01,-1.035727055210727521e+01,-1.039008521967900300e+01,-1.042259735114850372e+01,-1.045468912243144466e+01,-1.048620952644103177e+01,-1.051698535750469077e+01,-1.054683433232637668e+01,-1.057557893198150545e+01,-1.060305950306805656e+01,-1.062914533243680637e+01,-1.065374275242485247e+01,-1.067679976243734430e+01,-1.069830708595676327e+01,-1.071829595290461157e+01,-1.073683316562134138e+01,-1.075401416421969714e+01,-1.076995487508425953e+01,-1.078478314053982068e+01,-1.079863050890817888e+01
-1.041909550517883432e+01,-1.041688824238899791e+01,-1.041456428553096281e+01,-1.041211449622215390e+01,-1.040952876213602352e+01,-1.040679585761639458e+01,-1.040390327719975261e+01,-1.040083703499431067e+01,-1.039758142054331813e+01,-1.039411869857491055e+01,-1.039042873551609780e+01,-1.038648852923744847e+01,-1.038227160932256510e+01,-1.037774726190164643e+01,-1.037287951374061379e+01,-1.036762578173721927e+01,-1.036193505140284010e+01,-1.035574538362445196e+01,-1.034898045058380234e+01,-1.034154464859464539e+01,-1.033331609277155572e+01,-1.032413640413875200e+01,-1.031379554093920525e+01,-1.030200878612089177e+01,-1.028838094815420234e+01,-1.027234894604949922e+01,-1.025308618515342118e+01,-1.022933561242834699e+01,-1.024177456746831538e+01,-1.027677849634617502e+01,-1.031158829057400617e+01,-1.034622862698972412e+01,-1.038067132845325524e+01,-1.041483443910014195e+01,-1.044858628903818598e+01,-1.048175454399449258e+01,-1.051413943284451236e+01,-1.054552970203575590e+01,-1.057571947718482619e+01,-1.060452416378736551e+01,-1.063179376617277327e+01,-1.065742246558282957e+01,-1.068135386314583712e+01,-1.070358185019352248e+01,-1.072414752976576047e+01,-1.074313292957951482e+01,-1.076065241192509880e+01,-1.077684273704191753e+01,-1.079185273492795716e+01,-1.080583352404040198e+01
-1.042235059157764532e+01,-1.042023623188711845e+01,-1.041801050818413543e+01,-1.041566478566460319e+01,-1.041318952911047546e+01,-1.041057417866090695e+01,-1.040780700244305912e+01,-1.040487492021243732e+01,-1.040176329023744195e+01,-1.039845564899373009e+01,-1.039493338947394285e+01,-1.039117535856679098e+01,-1.038715734626360288e+01,-1.038285142827160001e+01,-1.037822510721134961e+01,-1.037324017326663927e+01,-1.036785116875145363e+01,-1.036200328594450504e+01,-1.035562944309428701e+01,-1.034864615231859020e+01,-1.034094758598580377e+01,-1.033239691438604524e+01,-1.032281343571774812e+01,-1.031195307739037581e+01,-1.029947817422247347e+01,-1.028490931215265647e+01,-1.026754589376747617e+01,-1.024632924393610800e+01,-1.022455229459373705e+01,-1.026124443247020324e+01,-1.029775556024676852e+01,-1.033412714051861769e+01,-1.037033771807759486e+01,-1.040630084073833039e+01,-1.044186931376997407e+01,-1.047684584904513017e+01,-1.051099908944242323e+01,-1.054408313101666295e+01,-1.057585818539085842e+01,-1.060610997904695552e+01,-1.063466583542955313e+01,-1.066140601335206384e+01,-1.068626962393847002e+01,-1.070925516630119390e+01,-1.073041629646557027e+01,-1.074985381406144036e+01,-1.076770501359022170e+01,-1.078413156120518757e+01,-1.079930702749580540e+01,-1.081340520225996471e+01
-1.042557367773291510e+01,-1.042355011027757072e+01,-1.042142025999201138e+01,-1.041917595458938095e+01,-1.041680818666777597e+01,-1.041430700276721488e+01,-1.041166137277277493e+01,-1.040885903489078856e+01,-1.040588630988112762e+01,-1.040272787606932425e+01,-1.039936649360662813e+01,-1.039578266207202439e+01,-1.039195418917933189e+01,-1.038785563909116050e+01,-1.038345761515283350e+01,-1.037872581142354278e+01,-1.037361973657107583e+01,-1.036809096678065245e+01,-1.036208071214902127e+01,-1.035551636872421533e+01,-1.034830655127485599e+01,-1.034033381806895946e+01,-1.033144383427816848e+01,-1.032142893803825423e+01,-1.031000270557842846e+01,-1.029675960840894433e+01,-1.028110901316263970e+01,-1.026216280196767983e+01,-1.023853385675831973e+01,-1.024422214265603159e+01,-1.028257272650680498e+01,-1.032082062962545521e+01,-1.035895488989779700e+01,-1.039688559640898191e+01,-1.043444820166160625e+01,-1.047141609883150082e+01,-1.050752016186316595e+01,-1.054247279638596879e+01,-1.057599342203143955e+01,-1.060783227154646013e+01,-1.063778988931185943e+01,-1.066573057254317369e+01,-1.069158899777012550e+01,-1.071537020405429885e+01,-1.073714381845009669e+01,-1.075703383718220962e+01,-1.077520541737834314e+01,-1.079185007756512249e+01,-1.080717062253578042e+01,-1.082136713441572873e+01
-1.042876635094720683e+01,-1.042683163504833033e+01,-1.042479549102856140e+01,-1.042265017139958161e+01,-1.042038715115745440e+01,-1.041799702833847974e+01,-1.041546940795438303e+01,-1.041279276548830524e+01,-1.040995428492585972e+01,-1.040693966460139563e+01,-1.040373288173022281e+01,-1.040031590302485753e+01,-1.039666832372652827e+01,-1.039276690990196528e+01,-1.038858500768753856e+01,-1.038409176631660280e+01,-1.037925109610518426e+01,-1.037402024311960957e+01,-1.036834780104833520e+01,-1.036217088498915651e+01,-1.035541104037299220e+01,-1.034796821783567466e+01,-1.033971175074260884e+01,-1.033046661681210310e+01,-1.031999214046799374e+01,-1.030794827544769987e+01,-1.029384078348279630e+01,-1.027692889102172558e+01,-1.025606220451040507e+01,-1.022937415732524258e+01,-1.026585251654950426e+01,-1.030613728668529205e+01,-1.034636909104675517e+01,-1.038645635307132764e+01,-1.042621522292192360e+01,-1.046538449111670843e+01,-1.050364958728878939e+01,-1.054067243046724300e+01,-1.057612307370525251e+01,-1.060970907432291455e+01,-1.064119923448417460e+01,-1.067043954942151274e+01,-1.069736054483347409e+01,-1.072197638919754503e+01,-1.074437705088866402e+01,-1.076471525786026007e+01,-1.078319010994242078e+01,-1.080002901030421469e+01,-1.081546940447827510e+01,-1.082974190620151411e+01
-1.043193015464745699e+01,-1.043008251706448597e+01,-1.042813810203602642e+01,-1.042608955257905379e+01,-1.042392878465395256e+01,-1.042164689752240214e+01,-1.041923407007669589e+01,-1.041667944015465253e+01,-1.041397096294873137e+01,-1.041109524334460268e+01,-1.040803733520313301e+01,-1.040478049795492055e+01,-1.040130589697765373e+01,-1.039759222840162067e+01,-1.039361524017611771e+01,-1.038934710774561410e+01,-1.038475560184132007e+01,-1.037980295337875347e+01,-1.037444426931484998e+01,-1.036862527230203312e+01,-1.036227900773095456e+01,-1.035532095403691955e+01,-1.034764163511945689e+01,-1.033909527890457980e+01,-1.032948213083370881e+01,-1.031852039423430334e+01,-1.030580074565371618e+01,-1.029071039215410721e+01,-1.027230087210147147e+01,-1.024904428659915467e+01,-1.024737354138166978e+01,-1.028987285022540910e+01,-1.033239643901685234e+01,-1.037485399100177652e+01,-1.041704034153998926e+01,-1.045865323996630458e+01,-1.049932305827182155e+01,-1.053865013954676755e+01,-1.057624439219643797e+01,-1.061176176737725463e+01,-1.064493328898742242e+01,-1.067558397836276818e+01,-1.070364084084461886e+01,-1.072913064355698509e+01,-1.075216929798460441e+01,-1.077294520577343917e+01,-1.079169892926381635e+01,-1.080870114612884691e+01,-1.082423048973050506e+01,-1.083855309009003598e+01
-1.043506658532296427e+01,-1.043330441705664313e+01,-1.043144994040984308e+01,-1.042949615812022301e+01,-1.042743538977800277e+01,-1.042525919038788729e+01,-1.042295825706701606e+01,-1.042052232160417446e+01,-1.041794002596618363e+01,-1.041519877693814244e+01,-1.041228457479266467e+01,-1.040918180899034873e+01,-1.040587301108777574e+01,-1.040233855074017200e+01,-1.039855625407769679e+01,-1.039450091342100180e+01,-1.039014364102350996e+01,-1.038545099358958623e+01,-1.038038375266267188e+01,-1.037489517867422428e+01,-1.036892844721320195e+01,-1.036241279823585160e+01,-1.035525763855358683e+01,-1.034734336143109701e+01,-1.033850685603410469e+01,-1.032851833208365910e+01,-1.031704367915846099e+01,-1.030358196795648063e+01,-1.028735806961966404e+01,-1.026712843354339277e+01,-1.024080359391240158e+01,-1.027178269909771480e+01,-1.031681522230771897e+01,-1.036188551154827842e+01,-1.040676512282752419e+01,-1.045110286049624371e+01,-1.049446187675635045e+01,-1.053636681721719093e+01,-1.057635377336185734e+01,-1.061401590252942206e+01,-1.064903908033894275e+01,-1.068122433146323580e+01,-1.071049629145074356e+01,-1.073689897606150190e+01,-1.076058143768820052e+01,-1.078177647746570322e+01,-1.080077544566840153e+01,-1.081790139519736194e+01,-1.083348214652417951e+01,-1.084782524902223955e+01
-1.043817708928626153e+01,-1.043649894186986415e+01,-1.043473279586303804e+01,-1.043287198652603642e+01,-1.043090920395592924e+01,-1.042883641836400699e+01,-1.042664479524276366e+01,-1.042432459873759321e+01,-1.042186508112831511e+01,-1.041925435575279479e+01,-1.041647924988080298e+01,-1.041352513282598657e+01,-1.041037571273054319e+01,-1.040701279257874745e+01,-1.040341597144045238e+01,-1.039956226962354080e+01,-1.039542564449387108e+01,-1.039097634411733928e+01,-1.038618001339234631e+01,-1.038099641322795819e+01,-1.037537752296318949e+01,-1.036926464539654802e+01,-1.036258388285264864e+01,-1.035523893728455391e+01,-1.034709950198130457e+01,-1.033798237439929935e+01,-1.032762047329599575e+01,-1.031561138601606231e+01,-1.030132988974280472e+01,-1.028377277895758546e+01,-1.026126473887795321e+01,-1.025157148235190974e+01,-1.029935565623824978e+01,-1.034731446914357456e+01,-1.039519447704106980e+01,-1.044258575337173767e+01,-1.048896866719188381e+01,-1.053377397802855775e+01,-1.057644643780673199e+01,-1.061650228333482282e+01,-1.065357321274415803e+01,-1.068743288816985704e+01,-1.071800550257909279e+01,-1.074535856036295023e+01,-1.076968352429128650e+01,-1.079126858086070939e+01,-1.081046745622858474e+01,-1.082766685398084938e+01,-1.084325367928937567e+01,-1.085758397533668784e+01
-1.044126305929361109e+01,-1.043966764051493890e+01,-1.043798839581692128e+01,-1.043621896943798788e+01,-1.043435239317296492e+01,-1.043238101699962073e+01,-1.043029643095722214e+01,-1.042808937706251626e+01,-1.042574964982927632e+01,-1.042326598366091517e+01,-1.042062592496291096e+01,-1.041781568618863218e+01,-1.041481997804159398e+01,-1.041162181445268331e+01,-1.040820228228222000e+01,-1.040454026317463310e+01,-1.040061208722710617e+01,-1.039639108467638628e+01,-1.039184697835493409e+01,-1.038694501867755982e+01,-1.038164469129605472e+01,-1.037589770290129465e+01,-1.036964473555994282e+01,-1.036281009405140274e+01,-1.035529275986704789e+01,-1.034695136492737255e+01,-1.033757896450288172e+01,-1.032686071045147536e+01,-1.031430225815748969e+01,-1.029910519610454145e+01,-1.027993739907872772e+01,-1.025447053437226863e+01,-1.027968601412144167e+01,-1.033084786106828723e+01,-1.038208525859980291e+01,-1.043291731114242538e+01,-1.048272142730505507e+01,-1.053081074712374132e+01,-1.057651596202019917e+01,-1.061925839533170013e+01,-1.065860448068599986e+01,-1.069429687565212994e+01,-1.072626242014681530e+01,-1.075460049745291258e+01,-1.077955694204358217e+01,-1.080148916568105832e+01,-1.082082767778300614e+01,-1.083803689501972478e+01,-1.085357527696158364e+01,-1.086700507009318706e+01
-1.044432583106678614e+01,-1.044281200007022292e+01,-1.044121840057369610e+01,-1.043953896595333752e+01,-1.043776704529139643e+01,-1.043589533812139436e+01,-1.043391582142166385e+01,-1.043181966799552285e+01,-1.042959715530907872e+01,-1.042723756378416589e+01,-1.042472906345242833e+01,-1.042205858773738392e+01,-1.041921169288187343e+01,-1.041617240105121844e+01,-1.041292302416668569e+01,-1.040944396357260082e+01,-1.040571347678498526e+01,-1.040170739504842423e+01,-1.039739876093089954e+01,-1.039275732753632120e+01,-1.038774880872051121e+01,-1.038233367232839299e+01,-1.037646508967423742e+01,-1.037008533355998097e+01,-1.036311935975227527e+01,-1.035546338082390960e+01,-1.034696477589822372e+01,-1.033738740915238985e+01,-1.032635262393745812e+01,-1.031323832426339493e+01,-1.029699889076347219e+01,-1.027581529564031726e+01,-1.025739347365235687e+01,-1.031211778521878664e+01,-1.036713018737100889e+01,-1.042186332848604380e+01,-1.047556510322010226e+01,-1.052739959693743543e+01,-1.057655358035609439e+01,-1.062233032595182713e+01,-1.066421738412834230e+01,-1.070192267958286791e+01,-1.073538054367027073e+01,-1.076473355394992559e+01,-1.079029737845391779e+01,-1.081251607380104041e+01,-1.083191480201672796e+01,-1.084905334214670170e+01,-1.086447783042047810e+01,-1.087013758504729388e+01
-1.044736667976252242e+01,-1.044593344148868219e+01,-1.044442439833495406e+01,-1.044283375670612912e+01,-1.044115516301939373e+01,-1.043938164148782555e+01,-1.043750552481265714e+01,-1.043551837716314523e+01,-1.043341090886721823e+01,-1.043117288233188944e+01,-1.042879300887784488e+01,-1.042625883642703322e+01,-1.042355662833871222e+01,-1.042067123414077123e+01,-1.041758595338847471e+01,-1.041428239421613888e+01,-1.041074032787400228e+01,-1.040693753864156434e+01,-1.040284966279697976e+01,-1.039844999626819266e+01,-1.039370921900752442e+01,-1.038859491683235170e+01,-1.038307064363491605e+01,-1.037709399519470210e+01,-1.037061265509804642e+01,-1.036355647426687376e+01,-1.035582220306980616e+01,-1.034724542761247079e+01,-1.033755145855256607e+01,-1.032627215015634725e+01,-1.031260322299825916e+01,-1.029513985029512568e+01,-1.027132138247672621e+01,-1.029065516254806134e+01,-1.034993462616752957e+01,-1.040912175688025521e+01,-1.046729938673671789e+01,-1.052344018388658853e+01,-1.057654713465264784e+01,-1.062577538513675357e+01,-1.067051691975824568e+01,-1.071044155423380850e+01,-1.074549864736565929e+01,-1.077588929955878427e+01,-1.080201903377704653e+01,-1.082444041275260105e+01,-1.084379523248533594e+01,-1.086076086347522818e+01,-1.086885200738407953e+01,-1.087315931958360871e+01
-1.045038681644037304e+01,-1.044903331537075175e+01,-1.044760790013821961e+01,-1.044610503779751376e+01,-1.044451865663159040e+01,-1.044284208605733788e+01,-1.044106798980087270e+01,-1.043918829185626862e+01,-1.043719409485815852e+01,-1.043507559070854462e+01,-1.043282196364424408e+01,-1.043042128647297240e+01,-1.042786041152119481e+01,-1.042512485902448560e+01,-1.042219870736354004e+01,-1.041906449180708627e+01,-1.041570312128316012e+01,-1.041209382591573274e+01,-1.040821415070733380e+01,-1.040404001026865721e+01,-1.039954580965374831e+01,-1.039470460282862696e+01,-1.038948817179017325e+01,-1.038386670124864963e+01,-1.037780727370949663e+01,-1.037126951976417644e+01,-1.036419520423781648e+01,-1.035648629113220665e+01,-1.034796362758239496e+01,-1.033829621522162157e+01,-1.032688545062760177e+01,-1.031266512369725596e+01,-1.029370249113991953e+01,-1.026626316487929813e+01,-1.032998212629220269e+01,-1.039429555365795999e+01,-1.045766058669028986e+01,-1.051880023356050131e+01,-1.057647948135343974e+01,-1.062966576128931351e+01,-1.067763521225640311e+01,-1.072001745140874007e+01,-1.075678862235160338e+01,-1.078822925106416264e+01,-1.081486070305414948e+01,-1.083737134922763623e+01,-1.085654614436135290e+01,-1.086759128942509101e+01,-1.087218996416065231e+01,-1.087606875804557482e+01
-1.045338738458339201e+01,-1.045211289776873542e+01,-1.045077033479103257e+01,-1.044935441467135639e+01,-1.044785933655664145e+01,-1.044627872100850396e+01,-1.044460554466530411e+01,-1.044283206783047291e+01,-1.044094975469104014e+01,-1.043894918614032363e+01,-1.043681996562879988e+01,-1.043455061918643878e+01,-1.043212849187750280e+01,-1.042953964465017158e+01,-1.042676875808925807e+01,-1.042379905332572676e+01,-1.042061224575985534e+01,-1.041718855483348882e+01,-1.041350680323929545e+01,-1.040954465139955332e+01,-1.040527902531142246e+01,-1.040068679944421781e+01,-1.039574576756422175e+01,-1.039043581361459445e+01,-1.038473984629180080e+01,-1.037864321499618825e+01,-1.037212857646706610e+01,-1.036516032077093641e+01,-1.035764970247323546e+01,-1.034939154757958768e+01,-1.033996538969292978e+01,-1.032858289060473389e+01,-1.031380778483717719e+01,-1.029292006429702866e+01,-1.030658172870309031e+01,-1.037685104611347597e+01,-1.044629390682910497e+01,-1.051330171008356196e+01,-1.057632606287000065e+01,-1.063409377342622797e+01,-1.068574086760320441e+01,-1.073085787731866780e+01,-1.076946630104415092e+01,-1.080195486880917954e+01,-1.082899466828422774e+01,-1.085144381086869814e+01,-1.086636014348695589e+01,-1.087140658076066835e+01,-1.087539275402388839e+01,-1.087886443008328641e+01
-1.045636945672909413e+01,-1.045517338609308133e+01,-1.045391304388855680e+01,-1.045258339604022524e+01,-1.045117890596032773e+01,-1.044969347666913606e+01,-1.044812038618355565e+01,-1.044645221568264581e+01,-1.044468077010923146e+01,-1.044279699114600746e+01,-1.044079086298457959e+01,-1.043865131209479635e+01,-1.043636610346320026e+01,-1.043392173775098364e+01,-1.043130335689716048e+01,-1.042849467042141143e+01,-1.042547792189683520e+01,-1.042223392597522746e+01,-1.041874222263885308e+01,-1.041498141912737729e+01,-1.041092982317011106e+01,-1.040656651310163028e+01,-1.040187303039113154e+01,-1.039683587568890388e+01,-1.039144981158525205e+01,-1.038572129003346767e+01,-1.037966943703330003e+01,-1.037331809528731874e+01,-1.036666729535426157e+01,-1.035963240734382218e+01,-1.035195095025466827e+01,-1.034306257561464015e+01,-1.033192237278531778e+01,-1.031658693015716111e+01,-1.029312050560108993e+01,-1.035605184785928934e+01,-1.043270961166621191e+01,-1.050669919100662497e+01,-1.057605118786018039e+01,-1.063917971900729675e+01,-1.069505249999177110e+01,-1.074322914995377509e+01,-1.078380646423876321e+01,-1.081732153109514982e+01,-1.084463968376573817e+01,-1.086494992683339866e+01,-1.087090874973089605e+01,-1.087509293843930536e+01,-1.087845282928901014e+01,-1.088154638504842175e+01
-1.045933403127021855e+01,-1.045821589519396433e+01,-1.045703727700557550e+01,-1.045579338797446844e+01,-1.045447895346398681e+01,-1.045308815552770376e+01,-1.045161456851310966e+01,-1.045005108706969210e+01,-1.044838984607708099e+01,-1.044662213225202940e+01,-1.044473828763548440e+01,-1.044272760591790750e+01,-1.044057822381323852e+01,-1.043827701172105904e+01,-1.043580947116544344e+01,-1.043315965166598147e+01,-1.043031010788703661e+01,-1.042724193088099582e+01,-1.042393490776309939e+01,-1.042036789654792983e+01,-1.041651955357375492e+01,-1.041236962846217828e+01,-1.040790115325716947e+01,-1.040310398878694897e+01,-1.039798026936270148e+01,-1.039255197659403507e+01,-1.038686918507125156e+01,-1.038101238339929111e+01,-1.037507253982713351e+01,-1.036908793279635610e+01,-1.036294138323762226e+01,-1.035625751585651422e+01,-1.034829551971736450e+01,-1.033770694736231555e+01,-1.032185903051625253e+01,-1.033084970287436555e+01,-1.041621093349884575e+01,-1.049864481246678949e+01,-1.057560229723411815e+01,-1.064508421148621942e+01,-1.070585898000321201e+01,-1.075747823218181765e+01,-1.080016371212508375e+01,-1.083465789266001700e+01,-1.086207957185939499e+01,-1.087053113729919929e+01,-1.087539200812356555e+01,-1.087865665376970803e+01,-1.088135963919164872e+01,-1.088412002191066286e+01
-1.046228202948579167e+01,-1.046124145369367753e+01,-1.046014418715731509e+01,-1.045898568827263020e+01,-1.045776094614686791e+01,-1.045646442351406868e+01,-1.045508999229926950e+01,-1.045363086106658912e+01,-1.045207949364843358e+01,-1.045042751842263939e+01,-1.044866562805109034e+01,-1.044678347012990827e+01,-1.044476953030634014e+01,-1.044261101127840341e+01,-1.044029371417422958e+01,-1.043780193386683663e+01,-1.043511838806471026e+01,-1.043222421361326724e+01,-1.042909908586458378e+01,-1.042572155422602798e+01,-1.042206974936483199e+01,-1.041812272242862392e+01,-1.041386285194199957e+01,-1.040928003682575564e+01,-1.040437879797180365e+01,-1.039918975484333608e+01,-1.039378619185540487e+01,-1.038830095410443199e+01,-1.038292193634005933e+01,-1.037782378485771595e+01,-1.037303088587935207e+01,-1.036831139870030327e+01,-1.036315131230484354e+01,-1.035665735211618355e+01,-1.034716402441958927e+01,-1.033109063143487738e+01,-1.039576977715088368e+01,-1.048862885493803532e+01,-1.057490100621658158e+01,-1.065202880794418050e+01,-1.071855121648944831e+01,-1.077406485405785830e+01,-1.081900162840666191e+01,-1.085439227101923265e+01,-1.086957247052965769e+01,-1.087613124627681671e+01,-1.087985625323163674e+01,-1.088211818368245964e+01,-1.088409927251355569e+01,-1.088660673755056862e+01
-1.046521429286297789e+01,-1.046425100064578650e+01,-1.046323482662487514e+01,-1.046216148123460066e+01,-1.046102622298653806e+01,-1.045982380174614512e+01,-1.045854839426135996e+01,-1.045719353098631821e+01,-1.045575201323139325e+01,-1.045421581973840475e+01,-1.045257600198729975e+01,-1.045082256798635179e+01,-1.044894435514371267e+01,-1.044692889432853633e+01,-1.044476226984485301e+01,-1.044242898449598655e+01,-1.043991184646013259e+01,-1.043719190748425518e+01,-1.043424850373046198e+01,-1.043105948831884611e+01,-1.042760181083845694e+01,-1.042385271771204813e+01,-1.041979206402063340e+01,-1.041540662861786970e+01,-1.041069805812802862e+01,-1.040569728562734220e+01,-1.040048952763118528e+01,-1.039525104168678737e+01,-1.039027502410757720e+01,-1.038590391410192559e+01,-1.038231340291767424e+01,-1.037936585939210765e+01,-1.037669829094611984e+01,-1.037376715947978134e+01,-1.036963361883958257e+01,-1.036235698677813843e+01,-1.036979972403856642e+01,-1.047587324970245248e+01,-1.057382870202474834e+01,-1.066033295697886096e+01,-1.073367527811732103e+01,-1.079361092986260573e+01,-1.084093402500256076e+01,-1.086653656329457007e+01,-1.087652486952191389e+01,-1.088180634884449915e+01,-1.088437363506748490e+01,-1.088554470411979835e+01,-1.088665435047790808e+01,-1.088907618559024648e+01
-1.046813158076855643e+01,-1.046724538259574366e+01,-1.046631014324037956e+01,-1.046532183295902030e+01,-1.046427598889358279e+01,-1.046316765894394152e+01,-1.046199133751794896e+01,-1.046074089200119950e+01,-1.045940947869308424e+01,-1.045798944690524657e+01,-1.045647222995902936e+01,-1.045484822202759645e+01,-1.045310664027674896e+01,-1.045123537278711900e+01,-1.044922081466384256e+01,-1.044704769819967538e+01,-1.044469892906930042e+01,-1.044215545126922073e+01,-1.043939618245728163e+01,-1.043639809516564654e+01,-1.043313658097511443e+01,-1.042958635016362479e+01,-1.042572334339619822e+01,-1.042152858527094494e+01,-1.041699586417284173e+01,-1.041214717242193899e+01,-1.040706394672450230e+01,-1.040194696388886264e+01,-1.039719903099708631e+01,-1.039339263678413516e+01,-1.039089049574907619e+01,-1.038957068911446768e+01,-1.038913829182701498e+01,-1.038933014630123708e+01,-1.038976752362363065e+01,-1.038965797546660674e+01,-1.038717084667047175e+01,-1.045912669224492220e+01,-1.057220204706596611e+01,-1.067048510129752614e+01,-1.075202831434100403e+01,-1.081698211368451723e+01,-1.085856386053208134e+01,-1.087495542030855233e+01,-1.088360122896976812e+01,-1.088760178187698457e+01,-1.088903789998609462e+01,-1.088913812794863034e+01,-1.088900476355937563e+01,-1.089173534929316745e+01
-1.047103456852630643e+01,-1.047022535111471875e+01,-1.046937097722392984e+01,-1.046846768728375032e+01,-1.046751130949448338e+01,-1.046649720471158318e+01,-1.046542020291433062e+01,-1.046427452991245843e+01,-1.046305372276423995e+01,-1.046175053220729367e+01,-1.046035681026801534e+01,-1.045886338116927305e+01,-1.045725989379093157e+01,-1.045553465441597396e+01,-1.045367443959933240e+01,-1.045166429122402896e+01,-1.044948730004223059e+01,-1.044712439182971409e+01,-1.044455414465254428e+01,-1.044175269225966041e+01,-1.043869381839266275e+01,-1.043534944304382783e+01,-1.043169089592858612e+01,-1.042769178792905294e+01,-1.042333424800356845e+01,-1.041862268916351297e+01,-1.041361571416261533e+01,-1.040850359339842335e+01,-1.040377889260773792e+01,-1.040035738128219833e+01,-1.039888703383701873e+01,-1.039909846075137878e+01,-1.040067367906127593e+01,-1.040361313499074036e+01,-1.040799265453871847e+01,-1.041381622635023163e+01,-1.042109304102230993e+01,-1.043623312398210956e+01,-1.056972709400532651e+01,-1.068328984810196403e+01,-1.077484734806790811e+01,-1.084066982077872865e+01,-1.086825830143035709e+01,-1.088346489278074714e+01,-1.089082927337707574e+01,-1.089352069578904292e+01,-1.089391432169428775e+01,-1.089325515028035163e+01,-1.089257473184277636e+01,-1.089495796036235831e+01
-1.047392384595223547e+01,-1.047319156087358927e+01,-1.047241805865896680e+01,-1.047159986248203012e+01,-1.047073310681006930e+01,-1.046981348388132815e+01,-1.046883618160897633e+01,-1.046779581141042392e+01,-1.046668632420350242e+01,-1.046550091252599657e+01,-1.046423189643451046e+01,-1.046287059054722590e+01,-1.046140714936564819e+01,-1.045983038793997899e+01,-1.045812757521324343e+01,-1.045628419832081768e+01,-1.045428369833839533e+01,-1.045210718257369287e+01,-1.044973312756348882e+01,-1.044713710446105104e+01,-1.044429159243996175e+01,-1.044116601280639500e+01,-1.043772725429250947e+01,-1.043394126115987497e+01,-1.042977697695242512e+01,-1.042521589778173308e+01,-1.042027676915676082e+01,-1.041508900416741668e+01,-1.041014450497636723e+01,-1.040687321676530530e+01,-1.040648771331055933e+01,-1.040816377968026529e+01,-1.041150998347642442e+01,-1.041685890076521659e+01,-1.042468135506677029e+01,-1.043550845607810906e+01,-1.045044552543910932e+01,-1.047284510657632062e+01,-1.056590031357709947e+01,-1.070019769776855512e+01,-1.080397995669520128e+01,-1.085152259973734168e+01,-1.087762966107691653e+01,-1.089208028419003327e+01,-1.089818576422666752e+01,-1.089948008543135494e+01,-1.089895548386876634e+01,-1.089790302643973519e+01,-1.089743522009524490e+01,-1.089877094394064905e+01
-1.047679991639416031e+01,-1.047614456831736618e+01,-1.047545200568465162e+01,-1.047471904881746241e+01,-1.047394215596564493e+01,-1.047311737210031346e+01,-1.047224026916083872e+01,-1.047130587615134623e+01,-1.047030859716420714e+01,-1.046924211503197988e+01,-1.046809927787178118e+01,-1.046687196528895214e+01,-1.046555093046543838e+01,-1.046412561381189299e+01,-1.046258392339860599e+01,-1.046091197717448651e+01,-1.045909380237667996e+01,-1.045711098917705151e+01,-1.045494229974684330e+01,-1.045256324293314343e+01,-1.044994564331941156e+01,-1.044705727113098170e+01,-1.044386167678119648e+01,-1.044031853891286055e+01,-1.043638521530518481e+01,-1.043202118961607816e+01,-1.042720040954093186e+01,-1.042195178414556977e+01,-1.041656254191384079e+01,-1.041303622032506127e+01,-1.041402594542727833e+01,-1.041703762904982966e+01,-1.042184812743540157e+01,-1.042928326847640008e+01,-1.044016594293607447e+01,-1.045531480966085169e+01,-1.047639753848937971e+01,-1.050820140916611223e+01,-1.056748485578117780e+01,-1.072412246826381477e+01,-1.081755108404152388e+01,-1.086147148554266373e+01,-1.088640707778725059e+01,-1.090075292640197802e+01,-1.090551824569306838e+01,-1.090527055517148902e+01,-1.090399136635880062e+01,-1.090269717666700977e+01,-1.090213762150436771e+01,-1.090281848900839812e+01
-1.047966319631540166e+01,-1.047908483099206123e+01,-1.047847332347364535e+01,-1.047782580704826572e+01,-1.047713908305317254e+01,-1.047640957282145990e+01,-1.047563326133549744e+01,-1.047480563094736361e+01,-1.047392158317072486e+01,-1.047297534611369940e+01,-1.047196036459279966e+01,-1.047086916932885181e+01,-1.046969322086425436e+01,-1.046842272295326559e+01,-1.046704639918085711e+01,-1.046555122552297412e+01,-1.046392211062435784e+01,-1.046214151506688239e+01,-1.046018900150211728e+01,-1.045804071055452233e+01,-1.045566876547783686e+01,-1.045304062679711521e+01,-1.045011845675703732e+01,-1.044685863279409865e+01,-1.044321171177431218e+01,-1.043912348401829959e+01,-1.043453848865453715e+01,-1.042940921860494186e+01,-1.042372349991721237e+01,-1.041916698506894257e+01,-1.042212291035596294e+01,-1.042602369922483518e+01,-1.043186106960407677e+01,-1.044106838109698820e+01,-1.045475522321465967e+01,-1.047376032442275928e+01,-1.049989853037542886e+01,-1.053848570671343055e+01,-1.060662182382760221e+01,-1.074837466146262521e+01,-1.082995497710536803e+01,-1.087040196771157241e+01,-1.089406812614352305e+01,-1.090903939046119575e+01,-1.091220248402922088e+01,-1.091056730183425749e+01,-1.090882280315013730e+01,-1.090737793989210580e+01,-1.090665632365354298e+01,-1.090687899706313679e+01
-1.048251401545426553e+01,-1.048201270756596593e+01,-1.048148240405114784e+01,-1.048092056795548110e+01,-1.048032436424606750e+01,-1.047969061583459727e+01,-1.047901575181557199e+01,-1.047829574632471505e+01,-1.047752604605801530e+01,-1.047670148403792645e+01,-1.047581617664935294e+01,-1.047486340026956064e+01,-1.047383544295621327e+01,-1.047272342561111813e+01,-1.047151708578762985e+01,-1.047020451586876888e+01,-1.046877184578643494e+01,-1.046720285899870184e+01,-1.046547852961178471e+01,-1.046357646948938935e+01,-1.046147027947072594e+01,-1.045912881399238614e+01,-1.045651540609277852e+01,-1.045358719021877114e+01,-1.045029488331940470e+01,-1.044658398658410370e+01,-1.044240032009844299e+01,-1.043771169617824413e+01,-1.043263396134311272e+01,-1.042924301159508182e+01,-1.043144785017871179e+01,-1.043536845438388383e+01,-1.044166162784626550e+01,-1.045235947977838009e+01,-1.046876269220998701e+01,-1.049135532534668869e+01,-1.052175975073448022e+01,-1.056531279442286042e+01,-1.063815612082587769e+01,-1.076919008051642024e+01,-1.084148216735327885e+01,-1.087836012292245869e+01,-1.090015488060621607e+01,-1.091373260845935889e+01,-1.091673121476820718e+01,-1.091511264716027085e+01,-1.091332346043146551e+01,-1.091184259196394812e+01,-1.091098203831519875e+01,-1.091086720220575756e+01
-1.048535261758220649e+01,-1.048492845857605715e+01,-1.048447952699659425e+01,-1.048400363295137439e+01,-1.048349832624319866e+01,-1.048296085744305906e+01,-1.048238813196090113e+01,-1.048177665565235372e+01,-1.048112247015784781e+01,-1.048042107574314130e+01,-1.047966733887695590e+01,-1.047885538111818526e+01,-1.047797844506646392e+01,-1.047702873213368591e+01,-1.047599720571254345e+01,-1.047487335198263736e+01,-1.047364488923135895e+01,-1.047229741551556792e+01,-1.047081398457050305e+01,-1.046917460298943148e+01,-1.046735565227517561e+01,-1.046532926795118534e+01,-1.046306278089742570e+01,-1.046051851436906333e+01,-1.045765474445362386e+01,-1.045443018756118114e+01,-1.045081987060906670e+01,-1.044687419885163315e+01,-1.044298131607541791e+01,-1.044081350118131191e+01,-1.044197426182930499e+01,-1.044520013874693731e+01,-1.045128846684337631e+01,-1.046328130817057378e+01,-1.048256307230946760e+01,-1.050863692472551314e+01,-1.054270406171207064e+01,-1.058990431508052055e+01,-1.066497043589042981e+01,-1.078890163821119330e+01,-1.085252692341996195e+01,-1.088565953261591090e+01,-1.090505506594092289e+01,-1.091614660641392831e+01,-1.091964484627365195e+01,-1.091899267196095202e+01,-1.091748815898090896e+01,-1.091607593311783120e+01,-1.091512327356060652e+01,-1.091475474315369176e+01
-1.048817916187364041e+01,-1.048783224791773172e+01,-1.048746486105362408e+01,-1.048707517580370485e+01,-1.048666114809211791e+01,-1.048622048235575654e+01,-1.048575059271708732e+01,-1.048524855698084757e+01,-1.048471106193114899e+01,-1.048413433805212946e+01,-1.048351408135977536e+01,-1.048284535950274332e+01,-1.048212249865638768e+01,-1.048133894700311330e+01,-1.048048710980373777e+01,-1.047955815033609639e+01,-1.047854175059626769e+01,-1.047742582627774333e+01,-1.047619619362399668e+01,-1.047483619455125492e+01,-1.047332630839799172e+01,-1.047164383132514942e+01,-1.046976283120216777e+01,-1.046765490112619368e+01,-1.046529206317484650e+01,-1.046265551923402981e+01,-1.045976116002436207e+01,-1.045673584509321508e+01,-1.045403254454087083e+01,-1.045269348594817238e+01,-1.045339729470169843e+01,-1.045566546311581746e+01,-1.046074726070320082e+01,-1.047401581545473093e+01,-1.049670074644721574e+01,-1.052620090790255780e+01,-1.056338415796575525e+01,-1.061320137893184956e+01,-1.068891583174598203e+01,-1.080818482530437130e+01,-1.086352769895354342e+01,-1.089278209144370813e+01,-1.090967357820530559e+01,-1.091897395949814786e+01,-1.092248502066455629e+01,-1.092254936422433076e+01,-1.092140861328127066e+01,-1.092011317559571637e+01,-1.091910383561712017e+01,-1.091853872347850718e+01
-1.049099372489026472e+01,-1.049072414508306572e+01,-1.049043846665668411e+01,-1.049013524548933418e+01,-1.048981286441230054e+01,-1.048946950732644368e+01,-1.048910312871996631e+01,-1.048871141766217541e+01,-1.048829175515115786e+01,-1.048784116345907691e+01,-1.048735624584642245e+01,-1.048683311471273960e+01,-1.048626730593795742e+01,-1.048565367690012806e+01,-1.048498628555253198e+01,-1.048425824825852537e+01,-1.048346157533889134e+01,-1.048258698656161947e+01,-1.048162371634195544e+01,-1.048055933498179293e+01,-1.047937964822541979e+01,-1.047806881605691487e+01,-1.047661000748919946e+01,-1.047498731365299385e+01,-1.047319061082672143e+01,-1.047122744454115129e+01,-1.046915170720339106e+01,-1.046712936996754273e+01,-1.046555142955624262e+01,-1.046501447405237784e+01,-1.046573787545192324e+01,-1.046723308334081004e+01,-1.047021627567663060e+01,-1.048513925161972082e+01,-1.051204162078562732e+01,-1.054468598448324101e+01,-1.058436372829343419e+01,-1.063591418806304389e+01,-1.071120706241463694e+01,-1.082756819507706325e+01,-1.087487478929767271e+01,-1.090017007559086082e+01,-1.091461923797809419e+01,-1.092246146776941096e+01,-1.092569216917732611e+01,-1.092608190524187961e+01,-1.092520818155890971e+01,-1.092401268962495031e+01,-1.092295686545427102e+01,-1.092222893516883708e+01
-1.049379630317199563e+01,-1.049360412813890164e+01,-1.049340029936517027e+01,-1.049318377016761872e+01,-1.049295337000887329e+01,-1.049270778653127678e+01,-1.049244554458891976e+01,-1.049216498174732948e+01,-1.049186421964114757e+01,-1.049154113050610704e+01,-1.049119329814919688e+01,-1.049081797262379645e+01,-1.049041201799767364e+01,-1.048997185295854528e+01,-1.048949338481527249e+01,-1.048897193913599679e+01,-1.048840219060335244e+01,-1.048777810717387204e+01,-1.048709293226965933e+01,-1.048633925444321058e+01,-1.048550926290189800e+01,-1.048459538592709173e+01,-1.048359171186460159e+01,-1.048249701496873421e+01,-1.048132108821844000e+01,-1.048009781863190426e+01,-1.047891108203352850e+01,-1.047793873059278624e+01,-1.047749028478957278e+01,-1.047790922396333713e+01,-1.047921407041906505e+01,-1.048085086107656494e+01,-1.048190662110781268e+01,-1.049919762702474912e+01,-1.052972833543215891e+01,-1.056465216803207063e+01,-1.060606383361548666e+01,-1.065853731029021922e+01,-1.073262112765015175e+01,-1.084739471622105533e+01,-1.088683873858017037e+01,-1.090811014676970814e+01,-1.092015097387976574e+01,-1.092661328322031089e+01,-1.092934979647113103e+01,-1.092975622391634261e+01,-1.092899176790957050e+01,-1.092783467740782122e+01,-1.092671778481826728e+01,-1.092584083628827152e+01
-1.049658681641619040e+01,-1.049647208742267956e+01,-1.049635021417820724e+01,-1.049622056224079181e+01,-1.049608242583662943e+01,-1.049593501863513190e+01,-1.049577746334755268e+01,-1.049560878008412068e+01,-1.049542787346774908e+01,-1.049523351862120002e+01,-1.049502434635776638e+01,-1.049479882827727373e+01,-1.049455526310942943e+01,-1.049429176674256148e+01,-1.049400627025463173e+01,-1.049369653349952713e+01,-1.049336018742442178e+01,-1.049299482817457374e+01,-1.049259820364109608e+01,-1.049216856492061645e+01,-1.049170531351639823e+01,-1.049121018346990830e+01,-1.049068939964111458e+01,-1.049015762413798036e+01,-1.048964513890610739e+01,-1.048921057086048947e+01,-1.048896151166506741e+01,-1.048907957960866355e+01,-1.048982173241322968e+01,-1.049142955392365195e+01,-1.049394005395818574e+01,-1.049718007242755036e+01,-1.050215451443307835e+01,-1.052003461026180986e+01,-1.055042848066968553e+01,-1.058636762614945148e+01,-1.062870176583347259e+01,-1.068135544090198685e+01,-1.075360952407685566e+01,-1.086780840675752557e+01,-1.089954238928879526e+01,-1.091672696573187729e+01,-1.092633647479819281e+01,-1.093138383626205545e+01,-1.093345141275149679e+01,-1.093364270698436513e+01,-1.093282871153170710e+01,-1.093162841927138018e+01,-1.093041845273252122e+01,-1.092939092657621281e+01
-1.049936511121641836e+01,-1.049932782992052083e+01,-1.049928797068588082e+01,-1.049924532444599912e+01,-1.049919966624433698e+01,-1.049915075545732890e+01,-1.049909833685630645e+01,-1.049904214296488902e+01,-1.049898189839138141e+01,-1.049891732715123638e+01,-1.049884816450390801e+01,-1.049877417560909443e+01,-1.049869518451603057e+01,-1.049861111889355669e+01,-1.049852207891316169e+01,-1.049842844352729898e+01,-1.049833103525740441e+01,-1.049823137761918801e+01,-1.049813210111408779e+01,-1.049803759067224895e+01,-1.049795503054496670e+01,-1.049789611025524394e+01,-1.049787983489627230e+01,-1.049793716392850484e+01,-1.049811856265197285e+01,-1.049850570185638077e+01,-1.049922727664388766e+01,-1.050047299172284987e+01,-1.050248606650665550e+01,-1.050551013359382857e+01,-1.050974044336014401e+01,-1.051557089727134198e+01,-1.052508905944723949e+01,-1.054417487311472890e+01,-1.057358789448511160e+01,-1.060968550994118509e+01,-1.065226959333730683e+01,-1.070445968082957400e+01,-1.077437406324393798e+01,-1.088206114054789353e+01,-1.091296687762864259e+01,-1.092601674441164761e+01,-1.093314323560406010e+01,-1.093670197789516685e+01,-1.093795650491557758e+01,-1.093775708306000105e+01,-1.093675499003972185e+01,-1.093542744972146963e+01,-1.093408361350572910e+01,-1.093289373140528475e+01
-1.050213096532236534e+01,-1.050217108427952617e+01,-1.050221323899654102e+01,-1.050225765690235491e+01,-1.050230460740137950e+01,-1.050235441211021481e+01,-1.050240745809217202e+01,-1.050246421510661854e+01,-1.050252525828333994e+01,-1.050259129819703574e+01,-1.050266322113717088e+01,-1.050274214357314939e+01,-1.050282948660512616e+01,-1.050292707888487520e+01,-1.050303730059568430e+01,-1.050316328741340044e+01,-1.050330922326195271e+01,-1.050348076629792260e+01,-1.050368567744769877e+01,-1.050393476065267784e+01,-1.050424328746921177e+01,-1.050463317783378159e+01,-1.050513635536655066e+01,-1.050579988316895097e+01,-1.050669362912345051e+01,-1.050792097916210999e+01,-1.050963165077349082e+01,-1.051203171665197722e+01,-1.051538136458896489e+01,-1.051998177154756675e+01,-1.052621649785173119e+01,-1.053485972185923991e+01,-1.054793521748869978e+01,-1.056873945892122180e+01,-1.059806646531698782e+01,-1.063415852492683200e+01,-1.067657809391215906e+01,-1.072778208271385125e+01,-1.079492654191728818e+01,-1.089520352140493031e+01,-1.092697416564188373e+01,-1.093588192415568372e+01,-1.094047983159198623e+01,-1.094247769288359606e+01,-1.094280605807333373e+01,-1.094208389004673521e+01,-1.094078091371174111e+01,-1.093924967678077742e+01,-1.093772954154712096e+01,-1.093636010003026193e+01
-1.050488409237359555e+01,-1.050500150639489760e+01,-1.050512560636500758e+01,-1.050525706501717593e+01,-1.050539665678344114e+01,-1.050554527845083186e+01,-1.050570397506611364e+01,-1.050587397268633616e+01,-1.050605672013857905e+01,-1.050625394274781677e+01,-1.050646771212122310e+01,-1.050670053769721335e+01,-1.050695548811718361e+01,-1.050723635392228417e+01,-1.050754786818150777e+01,-1.050789600929687850e+01,-1.050828842176909106e+01,-1.050873500824852158e+01,-1.050924877294016291e+01,-1.050984703703358747e+01,-1.051055320744147714e+01,-1.051139936695201982e+01,-1.051243006696551419e+01,-1.051370781819750277e+01,-1.051532079337199121e+01,-1.051739293005371678e+01,-1.052009554018872883e+01,-1.052365774556703037e+01,-1.052837370334300715e+01,-1.053461838595269562e+01,-1.054292514149507198e+01,-1.055422718282014571e+01,-1.057021432450141951e+01,-1.059292018073091590e+01,-1.062294032555823264e+01,-1.065926167697021931e+01,-1.070134124357569227e+01,-1.075114045491373460e+01,-1.081513656040710636e+01,-1.090837319526631788e+01,-1.094133460513746137e+01,-1.094615896267207944e+01,-1.094821710674294124e+01,-1.094860644881766021e+01,-1.094792904264326161e+01,-1.094658903135716166e+01,-1.094489852544503883e+01,-1.094309972377619289e+01,-1.094136423961607463e+01,-1.093979653550410625e+01
-1.050762414705189940e+01,-1.050781868550239473e+01,-1.050802458443356713e+01,-1.050824296813889269e+01,-1.050847512357244717e+01,-1.050872253165753456e+01,-1.050898690613166764e+01,-1.050927024210553995e+01,-1.050957487724788919e+01,-1.050990356952476468e+01,-1.051025959684288402e+01,-1.051064688595164220e+01,-1.051107018081309263e+01,-1.051153526475103384e+01,-1.051204925663362033e+01,-1.051262101001836946e+01,-1.051326165691653003e+01,-1.051398535654934108e+01,-1.051481033689591804e+01,-1.051576035652435692e+01,-1.051686677000178172e+01,-1.051817145403171061e+01,-1.051973093710868490e+01,-1.052162214402491003e+01,-1.052395014195134770e+01,-1.052685802147696492e+01,-1.053053848928040814e+01,-1.053524646718589963e+01,-1.054131460146436261e+01,-1.054918432070172862e+01,-1.055948419860588317e+01,-1.057318021332575420e+01,-1.059166730859505634e+01,-1.061634144217762810e+01,-1.064759428381013429e+01,-1.068453168839226919e+01,-1.072625430595709517e+01,-1.077427557328788410e+01,-1.083476400158902742e+01,-1.092126160501391929e+01,-1.095575464270534738e+01,-1.095664097529422065e+01,-1.095620231080791740e+01,-1.095497383221063359e+01,-1.095324677173172034e+01,-1.095122714297552946e+01,-1.094908746885237072e+01,-1.094697190475191384e+01,-1.094498851687535357e+01,-1.094320525248412856e+01
-1.051035073059057368e+01,-1.051062215069836192e+01,-1.051090961698717052e+01,-1.051121470883068199e+01,-1.051153922980856770e+01,-1.051188524972109306e+01,-1.051225515640925856e+01,-1.051265172011983218e+01,-1.051307817404445366e+01,-1.051353831588082954e+01,-1.051403663694567925e+01,-1.051457848770940018e+01,-1.051517029190337560e+01,-1.051581982598389509e+01,-1.051653658731899021e+01,-1.051733228385859853e+01,-1.051822149148030583e+01,-1.051922254436657767e+01,-1.052035875087058514e+01,-1.052166006491069794e+01,-1.052316539309522092e+01,-1.052492577998716605e+01,-1.052700878019704334e+01,-1.052950437281157470e+01,-1.053253275583488424e+01,-1.053625423317344989e+01,-1.054088127200166092e+01,-1.054669327775232190e+01,-1.055405726855786419e+01,-1.056346382444565890e+01,-1.057559188666363603e+01,-1.059139029516677510e+01,-1.061205879689659781e+01,-1.063869096316753904e+01,-1.067156363337204716e+01,-1.070959152412938487e+01,-1.075103866067031255e+01,-1.079686064454014804e+01,-1.085347101728792474e+01,-1.093351311785165336e+01,-1.096990392287118254e+01,-1.096709800185630534e+01,-1.096427113618743476e+01,-1.096146095143937060e+01,-1.095867689749453433e+01,-1.095594662732575308e+01,-1.095331951264762083e+01,-1.095085312908540054e+01,-1.094859745489162073e+01,-1.094658468881121216e+01
-1.051306339657360311e+01,-1.051341137780305068e+01,-1.051378008811607323e+01,-1.051417156262861674e+01,-1.051458812211937577e+01,-1.051503242562391982e+01,-1.051550753503101809e+01,-1.051601699494550246e+01,-1.051656493210961685e+01,-1.051715618006738495e+01,-1.051779643665731712e+01,-1.051849246453018516e+01,-1.051925234849857560e+01,-1.052008582854144159e+01,-1.052100473428594185e+01,-1.052202355657159139e+01,-1.052316020535968022e+01,-1.052443702220518240e+01,-1.052588214146772394e+01,-1.052753132912231138e+01,-1.052943047238652419e+01,-1.053163894587875049e+01,-1.053423413377682394e+01,-1.053731742751287648e+01,-1.054102202659988485e+01,-1.054552285823641888e+01,-1.055104904272882393e+01,-1.055790000365166748e+01,-1.056646819895889422e+01,-1.057727397386836721e+01,-1.059101516797551312e+01,-1.060860941229873866e+01,-1.063114696647653368e+01,-1.065962450240978576e+01,-1.069437627393136303e+01,-1.073410042539283893e+01,-1.077545044869129320e+01,-1.081845749793576061e+01,-1.087081296246712192e+01,-1.094474341185332555e+01,-1.098344344800666050e+01,-1.097729679159423632e+01,-1.097225933663940189e+01,-1.096795046089151882e+01,-1.096413742657155588e+01,-1.096069358668338722e+01,-1.095756211603032604e+01,-1.095472549289318387e+01,-1.095218196253861365e+01,-1.094993025737749903e+01
-1.051576165695414211e+01,-1.051618579647854013e+01,-1.051663533067381984e+01,-1.051711274814181429e+01,-1.051762088384363736e+01,-1.051816298197214472e+01,-1.051874277290039039e+01,-1.051936456794323504e+01,-1.052003337681125039e+01,-1.052075505416860501e+01,-1.052153648377615625e+01,-1.052238581150995955e+01,-1.052331274237604752e+01,-1.052432892188457103e+01,-1.052544842933328084e+01,-1.052668842039902941e+01,-1.052806996987774291e+01,-1.052961918359346605e+01,-1.053136867267950549e+01,-1.053335951471316889e+01,-1.053564386484124071e+01,-1.053828842444062808e+01,-1.054137902027505369e+01,-1.054502658632696921e+01,-1.054937487228863979e+01,-1.055461025970114619e+01,-1.056097426891822622e+01,-1.056877991787712823e+01,-1.057843412525502735e+01,-1.059046868673162578e+01,-1.060557762977914109e+01,-1.062464153247931620e+01,-1.064869026564648102e+01,-1.067873926298000598e+01,-1.071539866507957761e+01,-1.075760574481856224e+01,-1.079924229842947447e+01,-1.083837187649535672e+01,-1.088622574440693569e+01,-1.095456785091024088e+01,-1.099605725586011573e+01,-1.098702077895067930e+01,-1.098001411033339281e+01,-1.097433276365463328e+01,-1.096955066079753749e+01,-1.096541511639500222e+01,-1.096178130545301599e+01,-1.095856850081377942e+01,-1.095573025645413168e+01,-1.095323518786423023e+01
-1.051844498821962937e+01,-1.051894479751017109e+01,-1.051947463491583612e+01,-1.052003743734921493e+01,-1.052063654736444320e+01,-1.052127578584276968e+01,-1.052195954065996197e+01,-1.052269287548067922e+01,-1.052348166405406360e+01,-1.052433275701917736e+01,-1.052525419041207755e+01,-1.052625544799420965e+01,-1.052734779346118899e+01,-1.052854469390012682e+01,-1.052986236301849488e+01,-1.053132046228286711e+01,-1.053294301094363838e+01,-1.053475957286122977e+01,-1.053680680997189256e+01,-1.053913051976555337e+01,-1.054178830721187765e+01,-1.054485307879824596e+01,-1.054841758494991666e+01,-1.055260027490188257e+01,-1.055755277121831170e+01,-1.056346935092114947e+01,-1.057059900969792920e+01,-1.057926105786885707e+01,-1.058986557226728564e+01,-1.060293935845962032e+01,-1.061915389916637764e+01,-1.063934193554566399e+01,-1.066447902764963906e+01,-1.069561148557360397e+01,-1.073371110659255834e+01,-1.077898784920195752e+01,-1.082189351040669756e+01,-1.085536841102694083e+01,-1.089907295911110374e+01,-1.096265578304624633e+01,-1.100748802222227773e+01,-1.099608935383908204e+01,-1.098740454424260449e+01,-1.098051176517195060e+01,-1.097484678328125085e+01,-1.097006206465619904e+01,-1.096594399975070289e+01,-1.096236091767479515e+01,-1.095922918293431714e+01,-1.095649135914606553e+01
-1.052111283763012572e+01,-1.052168774016009856e+01,-1.052229725720405007e+01,-1.052294476594847161e+01,-1.052363410646858632e+01,-1.052436966361273818e+01,-1.052515646656859616e+01,-1.052600031058913643e+01,-1.052690790664417442e+01,-1.052788706645850247e+01,-1.052894693263786152e+01,-1.053009826655165249e+01,-1.053135381057934516e+01,-1.053272874655368341e+01,-1.053424127915445041e+01,-1.053591338212607553e+01,-1.053777175710155589e+01,-1.053984907014417338e+01,-1.054218555042303862e+01,-1.054483105898730066e+01,-1.054784776308406968e+01,-1.055131358174404355e+01,-1.055532659982120514e+01,-1.056001068021371125e+01,-1.056552254403530355e+01,-1.057206065571129550e+01,-1.057987637228169220e+01,-1.058928797167556546e+01,-1.060069811427781516e+01,-1.061461426888186743e+01,-1.063166850217755410e+01,-1.065262789200572513e+01,-1.067838461334773825e+01,-1.070992516334018241e+01,-1.074830092775953894e+01,-1.079461665009719340e+01,-1.083874222991214609e+01,-1.086769751029758346e+01,-1.090885632609737854e+01,-1.096881142205961446e+01,-1.101757120414658608e+01,-1.100437377717241283e+01,-1.099432987354292024e+01,-1.098640947524471301e+01,-1.097996675839912051e+01,-1.097459121807672311e+01,-1.097001983336785003e+01,-1.096608225873628939e+01,-1.096266533952842792e+01,-1.095969006009247515e+01
-1.052376462945770541e+01,-1.052441395950315162e+01,-1.052510242866555146e+01,-1.052583384361681063e+01,-1.052661252855571838e+01,-1.052744341554685370e+01,-1.052833215400487177e+01,-1.052928524405370503e+01,-1.053031019980682359e+01,-1.053141575033044930e+01,-1.053261208829301943e+01,-1.053391117923571585e+01,-1.053532714823388083e+01,-1.053687676572650922e+01,-1.053858006080260346e+01,-1.054046109863849523e+01,-1.054254896950349973e+01,-1.054487905019547433e+01,-1.054749461520256482e+01,-1.055044889428322108e+01,-1.055380769498377980e+01,-1.055765273176113972e+01,-1.056208582651202654e+01,-1.056723416813922967e+01,-1.057325684411930666e+01,-1.058035289042408778e+01,-1.058877114158144650e+01,-1.059882213094256009e+01,-1.061089195465845592e+01,-1.062545687923577908e+01,-1.064309502216213943e+01,-1.066448802121053951e+01,-1.069040304898652849e+01,-1.072164118197672167e+01,-1.075888433461271276e+01,-1.080178447102374051e+01,-1.084200546646361651e+01,-1.087477179203924216e+01,-1.091554289879283601e+01,-1.097304381689682096e+01,-1.102625592399875210e+01,-1.101180610239745938e+01,-1.100072422126738481e+01,-1.099196884075470670e+01,-1.098486425976471459e+01,-1.097896683628845516e+01,-1.097398248823407485e+01,-1.096971392704553594e+01,-1.096602597771220289e+01,-1.096282264199033563e+01
-1.052639977115691927e+01,-1.052712277365885996e+01,-1.052788936369854156e+01,-1.052870376405101638e+01,-1.052957076653171598e+01,-1.053049582993723554e+01,-1.053148519833660401e+01,-1.053254604460957644e+01,-1.053368664544499289e+01,-1.053491659570945238e+01,-1.053624707228677515e+01,-1.053769116031551789e+01,-1.053926425839283354e+01,-1.054098458398662075e+01,-1.054287380625660120e+01,-1.054495784100642375e+01,-1.054726785183925841e+01,-1.054984151296422290e+01,-1.055272460251807054e+01,-1.055597301042330827e+01,-1.055965526092235329e+01,-1.056385566567696266e+01,-1.056867823696530984e+01,-1.057425150025210847e+01,-1.058073434911473143e+01,-1.058832307639572790e+01,-1.059725966578416667e+01,-1.060784125003333678e+01,-1.062043012939970055e+01,-1.063546255030654386e+01,-1.065345220944858795e+01,-1.067498093682817384e+01,-1.070066268791358510e+01,-1.073104550255646217e+01,-1.076631226538333941e+01,-1.080518761766487223e+01,-1.084286606534510078e+01,-1.087824406531561827e+01,-1.091964901773060248e+01,-1.097556751010340648e+01,-1.103360135435139711e+01,-1.101837843951562768e+01,-1.100655699450382485e+01,-1.099715445919272128e+01,-1.098950646376165707e+01,-1.098316148784518731e+01,-1.097781054156926928e+01,-1.097324001006463945e+01,-1.096929968273081002e+01,-1.096588104361671157e+01
-1.052901765940009859e+01,-1.052981349083839291e+01,-1.053065726822590698e+01,-1.053155361466386708e+01,-1.053250777023466966e+01,-1.053352569660700588e+01,-1.053461420292456019e+01,-1.053578109795737383e+01,-1.053703537478398289e+01,-1.053838743591534133e+01,-1.053984936886430646e+01,-1.054143528482607728e+01,-1.054316173650721389e+01,-1.054504823538751879e+01,-1.054711789399696187e+01,-1.054939822530753624e+01,-1.055192213919985456e+01,-1.055472918517492786e+01,-1.055786710083609137e+01,-1.056139373660749925e+01,-1.056537943762088361e+01,-1.056990997197931748e+01,-1.057509009818519097e+01,-1.058104785966870232e+01,-1.058793967434749916e+01,-1.059595623640046469e+01,-1.060532912670315042e+01,-1.061633774704122857e+01,-1.062931557543844541e+01,-1.064465351072868593e+01,-1.066279586303869564e+01,-1.068422061956073321e+01,-1.070938711005799249e+01,-1.073860985065993567e+01,-1.077174783467585328e+01,-1.080754300479355123e+01,-1.084354621778721040e+01,-1.087993930219222882e+01,-1.092193003339925284e+01,-1.097672257904371840e+01,-1.103974845203373256e+01,-1.102413288408619962e+01,-1.101182910193943343e+01,-1.100195121759867511e+01,-1.099387371569735272e+01,-1.098715620257114089e+01,-1.098148785547020623e+01,-1.097664775710442520e+01,-1.097247683820044273e+01,-1.096885818297221071e+01
-1.053161768591616543e+01,-1.053248541613205624e+01,-1.053340534760582869e+01,-1.053438248582671832e+01,-1.053542249725920144e+01,-1.053653181961442087e+01,-1.053771779406111619e+01,-1.053898882435596995e+01,-1.054035456911044832e+01,-1.054182617496841878e+01,-1.054341656042462283e+01,-1.054514076246162624e+01,-1.054701636122717368e+01,-1.054906400172610859e+01,-1.055130803606484768e+01,-1.055377731523122975e+01,-1.055650616571142031e+01,-1.055953559328306213e+01,-1.056291476367759685e+01,-1.056670281668512246e+01,-1.057097107533274638e+01,-1.057580571285672200e+01,-1.058131093397314970e+01,-1.058761270796808951e+01,-1.059486304934165091e+01,-1.060324475665455601e+01,-1.061297634898105358e+01,-1.062431659793668004e+01,-1.063756739560855635e+01,-1.065307250097116665e+01,-1.067120762244353749e+01,-1.069235358489148524e+01,-1.071683700398252448e+01,-1.074480822983941586e+01,-1.077601339003287784e+01,-1.080953649547739026e+01,-1.084424707628673268e+01,-1.088083511666245329e+01,-1.092304896320296415e+01,-1.097687067923372695e+01,-1.104487988692233458e+01,-1.102914566400928109e+01,-1.101656617709991437e+01,-1.100636129297240906e+01,-1.099795824376603726e+01,-1.099094002596921982e+01,-1.098500356134674760e+01,-1.097992777165897493e+01,-1.097554989297335659e+01,-1.097174821950314261e+01
-1.053419924307732281e+01,-1.053513785797049707e+01,-1.053613281411925406e+01,-1.053718947956196850e+01,-1.053831392306369352e+01,-1.053951302901974962e+01,-1.054079463468020350e+01,-1.054216769459963210e+01,-1.054364247838088708e+01,-1.054523080922713518e+01,-1.054694635260366020e+01,-1.054880496650735644e+01,-1.055082512751677193e+01,-1.055302845001038037e+01,-1.055544031973265184e+01,-1.055809066723773348e+01,-1.056101491153055427e+01,-1.056425510916230159e+01,-1.056786134855519776e+01,-1.057189343244713697e+01,-1.057642289146231818e+01,-1.058153536641278514e+01,-1.058733338203500551e+01,-1.059393950386067651e+01,-1.060149981109637096e+01,-1.061018750991409121e+01,-1.062020631293071560e+01,-1.063179285112833128e+01,-1.064521675215474161e+01,-1.066077595329718974e+01,-1.067878309060825259e+01,-1.069953607136480933e+01,-1.072326194102387831e+01,-1.075002065045887534e+01,-1.077957619880533713e+01,-1.081136897000049757e+01,-1.084499746970621636e+01,-1.088136965637287012e+01,-1.092346755672322978e+01,-1.097632515197641290e+01,-1.104781457396666866e+01,-1.103351039395585254e+01,-1.102081054574979824e+01,-1.101040020002900377e+01,-1.100176221578061586e+01,-1.099450911754815330e+01,-1.098835171721611204e+01,-1.098307396474428188e+01,-1.097851345596490624e+01,-1.097454669803272509e+01
-1.053676172918457432e+01,-1.053777013420155839e+01,-1.053883889396559148e+01,-1.053997371760456403e+01,-1.054118105026568486e+01,-1.054246819160453441e+01,-1.054384343671159741e+01,-1.054531624423608172e+01,-1.054689743754153852e+01,-1.054859944604133482e+01,-1.055043659545764889e+01,-1.055242545766820506e+01,-1.055458527308603145e+01,-1.055693846117634926e+01,-1.055951123772892331e+01,-1.056233436078195709e+01,-1.056544403042336988e+01,-1.056888297067714966e+01,-1.057270172362518323e+01,-1.057696018569429697e+01,-1.058172941188604455e+01,-1.058709370289899532e+01,-1.059315296827919362e+01,-1.060002531893461253e+01,-1.060784977276095908e+01,-1.061678883750906444e+01,-1.062703053150997334e+01,-1.063878906276324265e+01,-1.065230283769514763e+01,-1.066782763070514939e+01,-1.068562156171251765e+01,-1.070591713856126503e+01,-1.072887512713665004e+01,-1.075452065478302899e+01,-1.078269154396380181e+01,-1.081311281624482490e+01,-1.084579554150632319e+01,-1.088174061910560653e+01,-1.092347620531172581e+01,-1.097532695788629198e+01,-1.104424298302603447e+01,-1.103732426977830450e+01,-1.102461357173041279e+01,-1.101409261093907155e+01,-1.100529547764090843e+01,-1.099786556343796740e+01,-1.099153073119189372e+01,-1.098608332363303575e+01,-1.098136425040932806e+01,-1.097725059081881582e+01
