-5.423927079664103701e-01,-5.308543155436498129e-01,-5.186275105907807159e-01,-5.056517843633799858e-01,-4.918599404509587103e-01,-4.771772265519670930e-01,-4.615203347027708181e-01,-4.447962455889318267e-01,-4.269008867413359165e-01,-4.077175668373043682e-01,-3.871151383749624753e-01,-3.649458278249945176e-01,-3.410426548201538344e-01,-3.152163383948317632e-01,-2.872515564550032208e-01,-2.569023813186775973e-01,-2.238866547084972514e-01,-1.878789833350291150e-01,-1.485019214077054339e-01,-1.053147445080045985e-01,-5.779898825362062009e-02,-5.339591182826128671e-03,5.280000893733394207e-02,1.175112080109252805e-01,1.898854939022481814e-01,2.712768571696302922e-01,3.633893365151256716e-01,4.684021849812639582e-01,5.891527268217193747e-01,6.333915630501640859e-01,6.296865315190209866e-01,6.263658111133548756e-01,6.232865269700157418e-01,6.203371533029239382e-01,6.174311677078232474e-01,6.145025347247184966e-01,6.115023469641527321e-01,6.083961941232681747e-01,6.051619856516846641e-01,6.017880563561788243e-01,5.982714548312141334e-01,5.946163628335434659e-01,5.908326257089820954e-01,5.869343936234620029e-01,5.829388835110028699e-01,5.788652747429925416e-01,5.747337497260610606e-01,5.705646859024695594e-01,5.663779996105926529e-01,5.621926362404897626e-01
-5.516224104921012561e-01,-5.403026751278728890e-01,-5.283024538156420036e-01,-5.155612670996676528e-01,-5.020118673090278039e-01,-4.875793506676808775e-01,-4.721801343912110926e-01,-4.557207739048464989e-01,-4.380965894205986477e-01,-4.191900634317654584e-01,-3.988689605900285762e-01,-3.769841080530124677e-01,-3.533667565170799385e-01,-3.278254180891874703e-01,-3.001420445203415444e-01,-2.700673647417902168e-01,-2.373151392682395500e-01,-2.015550038361486607e-01,-1.624034553080456467e-01,-1.194123640028439959e-01,-7.205415486212331244e-02,-1.970244918100622078e-02,3.839355777407144760e-02,1.031434814675456918e-01,1.756625745127274318e-01,2.573365172934046763e-01,3.499126416138712559e-01,4.556308953960842567e-01,5.774160494243827380e-01,6.323429962399946813e-01,6.288924832207392068e-01,6.258054107704206226e-01,6.229341466209094014e-01,6.201640032582818041e-01,6.174065576419816015e-01,6.145949338484457680e-01,6.116803083842924371e-01,6.086291686905020981e-01,6.054210284715639823e-01,6.020464186098346548e-01,5.985050508895002341e-01,5.948041051934790380e-01,5.909566258902255731e-01,5.869800340295262542e-01,5.828947719250452408e-01,5.787230985371232261e-01,5.744880504044573843e-01,5.702125760821915579e-01,5.659188441228653055e-01,5.616277170929561136e-01
-5.609251445991996210e-01,-5.498297433762034947e-01,-5.380623533208643838e-01,-5.255625764109060905e-01,-5.122631678467552963e-01,-4.980891276915545007e-01,-4.829566537333977450e-01,-4.667719301550942168e-01,-4.494297206274606160e-01,-4.308117266667242373e-01,-4.107846618678085426e-01,-3.891979790447864240e-01,-3.658811691224180263e-01,-3.406405260680352987e-01,-3.132552387432103180e-01,-2.834726247483999595e-01,-2.510022580395444014e-01,-2.155086539127243628e-01,-1.766020509793752302e-01,-1.338266536921807748e-01,-8.664544605151879020e-02,-3.442031895543785913e-02,2.361429036815419075e-02,8.838686617237018206e-02,1.610372619019632690e-01,2.429839638528687451e-01,3.360191591246586285e-01,4.424457989049949136e-01,5.652797052946278988e-01,6.311945548602114764e-01,6.280299984103481226e-01,6.252036885707001890e-01,6.225633005087154448e-01,6.199910745860700567e-01,6.173968104001223978e-01,6.147129611095073498e-01,6.118910130684942494e-01,6.088986383926142665e-01,6.057173007657041808e-01,6.023401228841765986e-01,5.987699112836722959e-01,5.950172936249757960e-01,5.910989619519201321e-01,5.870360375449890089e-01,5.828525823910960524e-01,5.785742823060554541e-01,5.742273205754708787e-01,5.698374515369991622e-01,5.654292732365662211e-01,5.610256889308332662e-01
-5.703000768634705064e-01,-5.594347218711878122e-01,-5.479064690390083037e-01,-5.356550591702828878e-01,-5.226133105126575806e-01,-5.087061891678342773e-01,-4.938497366381547904e-01,-4.779498284794456708e-01,-4.609007319837433170e-01,-4.425834229434582601e-01,-4.228636111875890835e-01,-4.015894108059826495e-01,-3.785885724914567763e-01,-3.536651704027028997e-01,-3.265956017880159434e-01,-2.971237106030537034e-01,-2.649547811566467792e-01,-2.297480566301248195e-01,-1.911073086214344630e-01,-1.485688004048239530e-01,-1.015857220598617855e-01,-4.950778915903478183e-02,8.445876424822255230e-03,7.322332969961503624e-02,1.459899260990091818e-01,2.281981541517672518e-01,3.216867203769267491e-01,4.288240263682249753e-01,5.527207600433899914e-01,6.299346479096198381e-01,6.270914053292745427e-01,6.245561910719051868e-01,6.221721277712944920e-01,6.198185262582966981e-01,6.174035739047472049e-01,6.148592617326343879e-01,6.121376544193195546e-01,6.092079448852938395e-01,6.060539494153921458e-01,6.026718418331663552e-01,5.990680226765104921e-01,5.952570853615882784e-01,5.912598834967252026e-01,5.871017267107146997e-01,5.828107406789854172e-01,5.784164244606606609e-01,5.739484287419894804e-01,5.694355657299778883e-01,5.649050482127606632e-01,5.603819437916314206e-01
-5.797462483652671139e-01,-5.691166723121492410e-01,-5.578339059837418290e-01,-5.458378919111718242e-01,-5.330615779804380727e-01,-5.194299659203279740e-01,-5.048590124988809880e-01,-4.892543567031438778e-01,-4.725098400477773519e-01,-4.545057791856119134e-01,-4.351069395009873331e-01,-4.141601444051741243e-01,-3.914914362828826322e-01,-3.669026795626260662e-01,-3.401674614974798949e-01,-3.110260980674781628e-01,-2.791794853351456385e-01,-2.442814423889148323e-01,-2.059290585304167087e-01,-1.636503663175518652e-01,-1.168883855217069251e-01,-6.498017748344334099e-02,-7.128945594577535891e-03,5.763369673509969454e-02,1.304995815596074749e-01,2.129564869719396403e-01,3.068914182455091400e-01,4.147408295602878492e-01,5.397143200080457559e-01,6.285500415048193013e-01,6.260679599615311952e-01,6.238578405940768956e-01,6.217584910342457416e-01,6.196465016953297544e-01,6.174286635682728619e-01,6.150367605730491238e-01,6.124237538064853936e-01,6.095607505982051366e-01,6.064343891888476223e-01,6.030444286025865575e-01,5.994014422104529949e-01,5.955245872100688453e-01,5.914394685619906999e-01,5.871761399992913022e-01,5.827672912326826715e-01,5.782466642721628691e-01,5.736477278120356571e-01,5.690026214007204430e-01,5.643413642641266215e-01,5.596913096185480718e-01
-5.892625704864460356e-01,-5.788745107648790578e-01,-5.678436066612985167e-01,-5.561100710816496706e-01,-5.436070549057973045e-01,-5.302596729582749191e-01,-5.159838778973721007e-01,-5.006851545105815982e-01,-4.842570006813036176e-01,-4.665791532112002482e-01,-4.475155060560694342e-01,-4.269116543886253279e-01,-4.045919788599495193e-01,-3.803561585287983937e-01,-3.539749653513449279e-01,-3.251851438196713406e-01,-2.936831104138228343e-01,-2.591171103429569800e-01,-2.210773307470008664e-01,-1.790832707438885507e-01,-1.325673797520477426e-01,-8.085355003337355018e-02,-2.312841346526561467e-02,4.159757442653608250e-02,1.145437798415335773e-01,1.972346611952803530e-01,2.916074326467005817e-01,4.001693774502293466e-01,5.262333069287519205e-01,6.270255807301562401e-01,6.249496654256557759e-01,6.231028278739045856e-01,6.213199242802571742e-01,6.194751171350920682e-01,6.174740782496971336e-01,6.152486939261750942e-01,6.127531976411506598e-01,6.099610719417469795e-01,6.068623248356130873e-01,6.034609228187564067e-01,5.997722848139204199e-01,5.958208239191910005e-01,5.916375747749893499e-01,5.872579689387195101e-01,5.827198243025034641e-01,5.780616033303348500e-01,5.733209749929427668e-01,5.685336924516627422e-01,5.637327772375726465e-01,5.589479837253545913e-01
-5.988478212716074056e-01,-5.887070024370804067e-01,-5.779343439358471946e-01,-5.664704036384761165e-01,-5.542486158549472242e-01,-5.411942943209376855e-01,-5.272234779355376988e-01,-5.122415908455638656e-01,-4.961418821395298662e-01,-4.788036022132119984e-01,-4.600898620999827604e-01,-4.398451077308318524e-01,-4.178921217852127334e-01,-3.940284394863885487e-01,-3.680220284626354865e-01,-3.396060324081752735e-01,-3.084723075596204622e-01,-2.742633808564015063e-01,-2.365623155099029207e-01,-1.948797630504718881e-01,-1.486371792121318203e-01,-9.714473484179772522e-02,-3.957178333968165013e-02,2.509327645040522470e-02,9.809849575829124313e-02,1.810065217412563932e-01,2.758068366368737201e-01,3.850805264211859535e-01,5.122482007853129682e-01,6.253438564138745770e-01,6.237250556458411310e-01,6.222844828533400374e-01,6.208535690648913086e-01,6.193044457997431973e-01,6.175420170767549344e-01,6.154986450590665958e-01,6.131302789767223427e-01,6.104133160578629758e-01,6.073417743636129185e-01,6.039245545464968501e-01,6.001827049855728013e-01,5.961466977900110598e-01,5.918537791814997284e-01,5.873454822583240587e-01,5.826653894411584211e-01,5.778572136284223504e-01,5.729632393232541032e-01,5.680231350074537167e-01,5.630731212998368873e-01,5.581454591854878577e-01
-6.085006424746739473e-01,-5.986127571174447715e-01,-5.881047145033906354e-01,-5.769174981505643673e-01,-5.649849135873046269e-01,-5.522325680507840229e-01,-5.385766873844731739e-01,-5.239227407159611216e-01,-5.081638370352035139e-01,-4.911788494527939419e-01,-4.728302119923065705e-01,-4.529613192513242126e-01,-4.313934397032606061e-01,-4.079220267173483960e-01,-3.823122745203313966e-01,-3.542937149030092048e-01,-3.235535780223266489e-01,-2.897285375983931210e-01,-2.523943128364206090e-01,-2.110523847888102489e-01,-1.651127700986670943e-01,-1.138713274624874733e-01,-5.647936716958073394e-02,8.097747202187992668e-03,8.113800764649320429e-02,1.642438923522817618e-01,2.594593812419963008e-01,3.694425609560499368e-01,4.977267457150074681e-01,6.234848043021370412e-01,6.223809351762444875e-01,6.213951184525114968e-01,6.203560960857812390e-01,6.191344964648762828e-01,6.176348968596471201e-01,6.157905838423680667e-01,6.135597442046876182e-01,6.109223214555780102e-01,6.078770932946478966e-01,6.044387452948466466e-01,6.006348714053550975e-01,5.965029372752849168e-01,5.920873041181147212e-01,5.874364343112650211e-01,5.826003927475482680e-01,5.776287299799034436e-01,5.725687949883417893e-01,5.674644862815610979e-01,5.623554167357762701e-01,5.572764436759213291e-01
-6.182195374217351880e-01,-6.085902254298287684e-01,-5.983531331467278891e-01,-5.874497566049941000e-01,-5.758143679037707185e-01,-5.633729715205872957e-01,-5.500420918826782746e-01,-5.357273616297477670e-01,-5.203218733829519937e-01,-5.037042493290279088e-01,-4.857363718231743066e-01,-4.662607034876506407e-01,-4.450971054568241270e-01,-4.220390353483216006e-01,-3.968489690953950766e-01,-3.692528383743232112e-01,-3.389332012432982877e-01,-3.055207577265153240e-01,-2.685836693255800323e-01,-2.276139188171173444e-01,-1.820096185956856516e-01,-1.310516860946431550e-01,-7.387256300824251998e-02,-9.413511943904476556e-03,6.363477285223130553e-02,1.469163950617226044e-01,2.425322571682457240e-01,3.532209009493543772e-01,4.826336131058062695e-01,6.214252208758248575e-01,6.209020649630473399e-01,6.204258408001347425e-01,6.198236082444900097e-01,6.189651845606903846e-01,6.177553696406244965e-01,6.161289108641336831e-01,6.140468454795066089e-01,6.114934028839128510e-01,6.084729995645781209e-01,6.050071048369317639e-01,6.011309322373385999e-01,5.968900317136773825e-01,5.923369258546882232e-01,5.875279544196418957e-01,5.825204747304189024e-01,5.773705240926948479e-01,5.721309983279695421e-01,5.668503497769905586e-01,5.615717669675599488e-01,5.563327703807613434e-01
-6.280028698305472057e-01,-6.186376960673048986e-01,-6.086778279621408716e-01,-5.980653671325468768e-01,-5.867351553027276845e-01,-5.746137073782211502e-01,-5.616179694621596941e-01,-5.476538699451661829e-01,-5.326146249943353173e-01,-5.163787510606689946e-01,-4.988077257062132341e-01,-4.797432230907744954e-01,-4.590038303518249041e-01,-4.363811236643608260e-01,-4.116349447556487129e-01,-3.844876653176950709e-01,-3.546171510532067361e-01,-3.216480284656094146e-01,-2.851407000423255012e-01,-2.445773228424370782e-01,-1.993436238687677220e-01,-1.487049131245618550e-01,-9.177387513611851011e-02,-2.746651167098653271e-02,4.555930017709298313e-02,1.289912566391740456e-01,2.249898316788856711e-01,3.363777714628223281e-01,4.669300150257219006e-01,6.191381758989331630e-01,6.192707811414484009e-01,6.193663176064967413e-01,6.192515201918441514e-01,6.187962932863159127e-01,6.179063396585197099e-01,6.165185063881338801e-01,6.145973995761289110e-01,6.121324007976038928e-01,6.091345985533388463e-01,6.056334221929361439e-01,6.016729683548353025e-01,5.973081485688285230e-01,5.926008619208132933e-01,5.876164130399288421e-01,5.824203650555285217e-01,5.770759571967711832e-01,5.716421461975043083e-01,5.661722652625015284e-01,5.607132439421038672e-01,5.553053006825856563e-01
-6.378488637355598234e-01,-6.287532941834981237e-01,-6.190768367663069816e-01,-6.087622978940382401e-01,-5.977451997179301646e-01,-5.859526904140266446e-01,-5.733022727324166290e-01,-5.597003174800535552e-01,-5.450403215675455604e-01,-5.292008612990964922e-01,-5.120431800082902996e-01,-4.934083339048936367e-01,-4.731137995799074014e-01,-4.509494187794385600e-01,-4.266725174900027895e-01,-4.000019821578615908e-01,-3.706109986446057269e-01,-3.381180482547452293e-01,-3.020755930990625671e-01,-2.619556444407813989e-01,-2.171310523627940636e-01,-1.668508193020370178e-01,-1.102069201570946289e-01,-4.608883554523736381e-02,2.688002187231823895e-02,1.104331029819683174e-01,2.067933592281804844e-01,3.188718304656802394e-01,4.505732601136958060e-01,6.072814552445947589e-01,6.174665304922983822e-01,6.182044940296189672e-01,6.186344078184513595e-01,6.186274213297345836e-01,6.180909786218320434e-01,6.169647844665068215e-01,6.152178539557165982e-01,6.128457357593899424e-01,6.098674074770966680e-01,6.063216485641392817e-01,6.022629308815392601e-01,5.977570285396973659e-01,5.928766320022855751e-01,5.876972597267251519e-01,5.822937097203576551e-01,5.767372076423944449e-01,5.710933131006588059e-01,5.654205619193448662e-01,5.597697611321751365e-01,5.541838185576648534e-01
-6.477556046745870377e-01,-6.389349811301271442e-01,-6.295480049090425023e-01,-6.195382923928467456e-01,-6.088421646452657487e-01,-5.973875356988381791e-01,-5.850926121076545083e-01,-5.718643687941313836e-01,-5.575967588987590373e-01,-5.421686060888583070e-01,-5.254411158875751386e-01,-5.072549270117444609e-01,-4.874266029267687039e-01,-4.657444355659921542e-01,-4.419633940308095310e-01,-4.157989960089732429e-01,-3.869198009856729126e-01,-3.549381105219678867e-01,-3.193982943131108421e-01,-2.797619142195803543e-01,-2.353884493887751228e-01,-1.855098659974850073e-01,-1.291964142552479433e-01,-6.530968803326241134e-02,7.563168887413996774e-03,9.120374338495509936e-02,1.879006649995254574e-01,3.006577499554499155e-01,4.335162429413759178e-01,5.920701301531445804e-01,6.154653016745169625e-01,6.169262423207293455e-01,6.179658191028760683e-01,6.184579125596404436e-01,6.183127376244179629e-01,6.174737524105529118e-01,6.159153608872409702e-01,6.136404680892753039e-01,6.106773780219371117e-01,6.070758692474572671e-01,6.029025583322465964e-01,5.982358526037062640e-01,5.931608859898667152e-01,5.877648267435006124e-01,5.821328653562166666e-01,5.763450693647415024e-01,5.704741642901128840e-01,5.645841930710226997e-01,5.587299335780114840e-01,5.529569168647994193e-01
-6.577210422986948801e-01,-6.491805557395395887e-01,-6.400889847331585614e-01,-6.303908665023154612e-01,-6.200234469982336405e-01,-6.089155483854086226e-01,-5.969862405212151835e-01,-5.841432796329373289e-01,-5.702812697347672266e-01,-5.552794927033007921e-01,-5.389993406400629405e-01,-5.212812681623418820e-01,-5.019411610453369255e-01,-4.807659888936663406e-01,-4.575085697925831418e-01,-4.318812189589620876e-01,-4.035479733633749455e-01,-3.721149680668382476e-01,-3.371183690982692549e-01,-2.980090133834674138e-01,-2.541325233587175547e-01,-2.047030801060257810e-01,-1.487681356642743258e-01,-8.515992375867242892e-02,-1.242734546352481165e-02,7.126194796811638477e-02,1.682658014127262625e-01,2.816857459397362762e-01,4.157068567049336250e-01,5.761451111993900476e-01,6.132389254684594837e-01,6.155149274913221946e-01,6.172380349658240783e-01,6.182867613533253870e-01,6.185753532246386355e-01,6.180520756350358358e-01,6.166978605408319769e-01,6.145243630056917983e-01,6.115709156049380368e-01,6.079002605279214544e-01,6.035932671543915440e-01,5.987430733493828150e-01,5.934491911062537151e-01,5.878120907863085831e-01,5.819286543781746479e-01,5.758887165619918092e-01,5.697727418630254004e-01,5.636505510244537165e-01,5.575809246928026264e-01,5.516118761017185790e-01
-6.677429945701722769e-01,-6.594876573586714308e-01,-6.506972369363650532e-01,-6.413173075183559169e-01,-6.312861730640327851e-01,-6.205337156111412344e-01,-6.089800401325040635e-01,-5.965338771023536157e-01,-5.830906958885382352e-01,-5.685304720082370311e-01,-5.527150385038603897e-01,-5.354849351896738829e-01,-5.166556477589989704e-01,-4.960130994185987241e-01,-4.733082173249540947e-01,-4.482503392900873407e-01,-4.204991448218617922e-01,-3.896546760012388755e-01,-3.552448385635603723e-01,-3.167095115684229745e-01,-2.733799973628540658e-01,-2.244519351800333407e-01,-1.689488550685301904e-01,-1.056720503855739512e-01,-3.313002637797988342e-02,5.056322339448604541e-02,1.478386790949275942e-01,2.619010532215244602e-01,3.970873180094331434e-01,5.594483561392011861e-01,6.107542095587398245e-01,6.139508658791343887e-01,6.164417650252272951e-01,6.181124848444542463e-01,6.188828440242348794e-01,6.187071475764956974e-01,6.175741740270582758e-01,6.155059613909643623e-01,6.125548929553105149e-01,6.087990261313421803e-01,6.043360074783847846e-01,5.992762007170513439e-01,5.937357679293465695e-01,5.878303836006787408e-01,5.816700735855188098e-01,5.753554293873972547e-01,5.689752208069512873e-01,5.626052608128579990e-01,5.563082800077598922e-01,5.501345367279084630e-01
-6.778191537139564016e-01,-6.698537708455110096e-01,-6.613700341007989758e-01,-6.523146755664737118e-01,-6.426271969620855895e-01,-6.322387009843269956e-01,-6.210705115940583498e-01,-6.090325422271670730e-01,-5.960213623496731783e-01,-5.819179021460401113e-01,-5.665847217407744552e-01,-5.498627541961782494e-01,-5.315674090857419598e-01,-5.114838934056168407e-01,-4.893615654171674101e-01,-4.649070792600084601e-01,-4.377759954116174357e-01,-4.075624112393950171e-01,-3.737859866649841378e-01,-3.358754704442995509e-01,-2.931474221018999238e-01,-2.447781912937805893e-01,-1.897662251180880777e-01,-1.268801955094908951e-01,-5.458587355634125782e-02,2.905959451985012584e-02,1.265646759537311372e-01,2.412433419861458872e-01,3.775933916185270078e-01,5.419148122182225746e-01,6.079718632409192303e-01,6.122106463368908180e-01,6.155657580158138131e-01,6.179329500220642757e-01,6.192394923506912008e-01,6.194471638776476441e-01,6.185541073959004432e-01,6.165946561324129327e-01,6.136366547293533591e-01,6.097763058624569021e-01,6.051310731843010382e-01,5.998315293134282022e-01,5.940131624465833093e-01,5.878090402314011254e-01,5.813439475705612924e-01,5.747302749628884211e-01,5.680656320451157315e-01,5.614319521029659255e-01,5.548957486920199633e-01,5.485091668533460529e-01
-6.879470940850720417e-01,-6.802762337402289416e-01,-6.721044666625786146e-01,-6.633798077075917510e-01,-6.540431020335045753e-01,-6.440268421781607522e-01,-6.332537665084393419e-01,-6.216351956341699125e-01,-6.090690542392939166e-01,-5.954375144854386903e-01,-5.806041830066658305e-01,-5.644107355418844785e-01,-5.466728799435417452e-01,-5.271754973638131947e-01,-5.056667693014800236e-01,-4.818510393630310862e-01,-4.553800744065452655e-01,-4.258422666632388776e-01,-3.927491352159854787e-01,-3.555182082842684443e-01,-3.134509435210633410e-01,-2.657036849986176286e-01,-2.112486185065156064e-01,-1.488200255484567192e-01,-7.683841988572508164e-02,6.699402962400138883e-03,1.043842311167732656e-01,2.196460751486963014e-01,3.571535026136684610e-01,5.234713163158141169e-01,6.048451540279748961e-01,6.102662741823084991e-01,6.145962995736187207e-01,6.177451388525116993e-01,6.196498030990861272e-01,6.202811992246020090e-01,6.196485676167121648e-01,6.178007737094457497e-01,6.148240084792164772e-01,6.108360463214199676e-01,6.059778517048325375e-01,6.004037905527017660e-01,5.942718378616412833e-01,5.877349712012669425e-01,5.809345169583537416e-01,5.739957376667635947e-01,5.670255498849825493e-01,5.601120092968999709e-01,5.533250946120709113e-01,5.467183280081011620e-01
-6.981242821079588490e-01,-6.907522458196813098e-01,-6.828974515957040303e-01,-6.745093250969964593e-01,-6.655302056115617315e-01,-6.558941521945361730e-01,-6.455255237640427080e-01,-6.343372871877805963e-01,-6.222289975812591578e-01,-6.090843829466959791e-01,-5.947684502346040070e-01,-5.791240109238405820e-01,-5.619674998138989297e-01,-5.430839286378337238e-01,-5.222207727944078171e-01,-4.990805293853785574e-01,-4.733115990016341645e-01,-4.444970183475123737e-01,-4.121403836448640501e-01,-3.756480205039408049e-01,-3.343060178885290945e-01,-2.872500595581410354e-01,-2.334249021554599679e-01,-1.715286018422838288e-01,-9.993371669481056208e-02,-1.657286202265871589e-02,8.123243495643567291e-02,1.970358087294519223e-01,3.356877238487322446e-01,5.040352970401920096e-01,6.013182203405088577e-01,6.080840851480725506e-01,6.135165602982328714e-01,6.175448277830584143e-01,6.201184280174133479e-01,6.212192839609883555e-01,6.208696915168465669e-01,6.191356602698843137e-01,6.161251952920929753e-01,6.119818197355098022e-01,6.068744939062451493e-01,6.009857076684269606e-01,5.944996655443285372e-01,5.875921420369281112e-01,5.804229501553868076e-01,5.731312925645866141e-01,5.658337420270579399e-01,5.586243010327130998e-01,5.515758999692877973e-01,5.447427428794834325e-01
-7.083480884323127835e-01,-7.012788812352964696e-01,-6.937457440804591924e-01,-6.856996435541052870e-01,-6.770845676380311540e-01,-6.678363248909106042e-01,-6.578811104930641918e-01,-6.471337904909517658e-01,-6.354958449860514946e-01,-6.228528979853892311e-01,-6.090717454866856340e-01,-5.939967731348293478e-01,-5.774456290068094022e-01,-5.592039835292187400e-01,-5.390191636993361124e-01,-5.165923870790899430e-01,-4.915692334979134270e-01,-4.635278646434929928e-01,-4.319643106349421169e-01,-3.962738511356784232e-01,-3.557270665819524669e-01,-3.094384245276733392e-01,-2.563241330316156086e-01,-1.950441560009273378e-01,-1.239202449776771603e-01,-4.081667929692150976e-02,5.703863263897115260e-02,1.733314427995127083e-01,3.131066285384867531e-01,4.835132438547351530e-01,5.973239407767693132e-01,6.056233591442378161e-01,6.123057433528452664e-01,6.173261481477739787e-01,6.206500380889979906e-01,6.222724756303025240e-01,6.222309885334521562e-01,6.206117707956984031e-01,6.175488305022364122e-01,6.132165714370637621e-01,6.078174773350170090e-01,6.015674246847682038e-01,5.946812890508037519e-01,5.873609402570220128e-01,5.797867660849227445e-01,5.721129162448929106e-01,5.644657816296596575e-01,5.569448920057894492e-01,5.496253662569977605e-01,5.425611703709453115e-01
-7.186158024337657713e-01,-7.118531034194849338e-01,-7.046459524151755804e-01,-6.969469878958706177e-01,-6.887020035959975361e-01,-6.798487453855022178e-01,-6.703154684405068231e-01,-6.600192032425984401e-01,-6.488636674659020720e-01,-6.367367466964259926e-01,-6.235074494778740650e-01,-6.090222204177258014e-01,-5.931004675877332710e-01,-5.755291250296923344e-01,-5.560560243823723381e-01,-5.343817859242828705e-01,-5.101498496404575089e-01,-4.829341365274923970e-01,-4.522236352449506835e-01,-4.174029103889024261e-01,-3.777270625732629949e-01,-3.322889327575181961e-01,-2.799751590876645713e-01,-2.194057630578866991e-01,-1.488487266840031187e-01,-6.609552994969172812e-02,3.172606715775090624e-02,1.484434386243905502e-01,2.893100022637925539e-01,4.617989048846881106e-01,5.927812288354755710e-01,6.028345400398590348e-01,6.109379617001893248e-01,6.170809796607038544e-01,6.212491181810549934e-01,6.234529175111510613e-01,6.237474978889410160e-01,6.222427589924770519e-01,6.191038005797446786e-01,6.145422685548607156e-01,6.088010262318969135e-01,6.021357711253627620e-01,5.947973283146469337e-01,5.870174063027053801e-01,5.789991545997936750e-01,5.709125304945322776e-01,5.628936231025264414e-01,5.550467424646061687e-01,5.474481194997498079e-01,5.401502951319431256e-01
-7.289246491658166738e-01,-7.224717829239400979e-01,-7.155945564104176926e-01,-7.082474103718813252e-01,-7.003781022242752119e-01,-6.919265059660154593e-01,-6.828231665665062122e-01,-6.729875545103399803e-01,-6.623259537147438980e-01,-6.507289006780770935e-01,-6.380680737336765773e-01,-6.241925076876601031e-01,-6.089239794946261775e-01,-5.920513728351053384e-01,-5.733237801358471719e-01,-5.524420342476568102e-01,-5.290482696277649666e-01,-5.027129794606082225e-01,-4.729188358377164891e-01,-4.390402339294998679e-01,-4.003170406352871136e-01,-3.558202621857988190e-01,-3.044061069228191641e-01,-2.446528873209360966e-01,-1.747718040915754445e-01,-9.247681256262070548e-02,5.211599247624863242e-03,1.222730296541640060e-01,2.641854170820777115e-01,4.387711735659566847e-01,5.875915796699823224e-01,5.996569356508707482e-01,6.093807480291755230e-01,6.167981080938482741e-01,6.219196452013425747e-01,6.247738713519725984e-01,6.254359603738043338e-01,6.240435640786826665e-01,6.207990958558775585e-01,6.159594108052193207e-01,6.098163377377466832e-01,6.026733117721618793e-01,5.948233827186494294e-01,5.865323011746258475e-01,5.780281813399137381e-01,5.694973766439918039e-01,5.610851466455406555e-01,5.528994040726548098e-01,5.450160295617844097e-01,5.374846408435307588e-01
-7.392718088413553490e-01,-7.331317183236439883e-01,-7.265879294753151418e-01,-7.195968135127660537e-01,-7.121082484593014295e-01,-7.040644281212228295e-01,-6.953984207207958290e-01,-6.860324200283246521e-01,-6.758756182875736984e-01,-6.648216134660117627e-01,-6.527452426051376655e-01,-6.394987072709850118e-01,-6.249068248871320064e-01,-6.087611989760226550e-01,-5.908130487686283905e-01,-5.707643689335757387e-01,-5.482569943855081229e-01,-5.228590081216100138e-01,-4.940477262035760098e-01,-4.611881803728627993e-01,-4.235055237505557235e-01,-3.800489895104023352e-01,-3.296437362204928667e-01,-2.708247722136756241e-01,-2.017435485823718955e-01,-1.200315916592320370e-01,-2.259444340974313403e-02,9.471147141181739115e-02,2.376066849492370348e-01,4.142916268363220911e-01,5.816346388441756554e-01,5.960157287207528132e-01,6.075930620915696023e-01,6.164620469191407492e-01,6.226645910621105839e-01,6.262497037898429042e-01,6.273150042166587559e-01,6.260304884247505086e-01,6.226435489025697878e-01,6.174663468757286555e-01,6.108505437863874787e-01,6.031571141405180914e-01,5.947287817229097717e-01,5.858699802765807707e-01,5.768358654631695615e-01,5.678293226519977033e-01,5.590036814678929211e-01,5.504687252798916575e-01,5.422980568013121561e-01,5.345365190011588385e-01
-7.496544388876562603e-01,-7.438296602824545634e-01,-7.376223645656485584e-01,-7.309909776636420720e-01,-7.238876520147666804e-01,-7.162570912897895381e-01,-7.080351212230989733e-01,-6.991469466579991465e-01,-6.895050201929258105e-01,-6.790064295004957229e-01,-6.675296876197659435e-01,-6.549307821984812206e-01,-6.410383043236207445e-01,-6.256474331467152261e-01,-6.085124958154972674e-01,-5.893377481196746537e-01,-5.677659210240484366e-01,-5.433639368093223787e-01,-5.156049897124576065e-01,-4.838458648126908734e-01,-4.472978592131950926e-01,-4.049888431910625974e-01,-3.557126401365259816e-01,-2.979596422499348196e-01,-2.298187532030487035e-01,-1.488341188680847582e-01,-5.178821608989841313e-02,6.563939988630267119e-02,2.094322313476046360e-01,3.882016875967981839e-01,5.747624873437380266e-01,5.918180710770549746e-01,6.055226056787641475e-01,6.160513757328831552e-01,6.234851605489271087e-01,6.278957934930137208e-01,6.294053433923292307e-01,6.282212565331941612e-01,6.246454330320543313e-01,6.190583135773243262e-01,6.118853095503694606e-01,6.035571442737974746e-01,5.944750202799982119e-01,5.849870411724952257e-01,5.753771230427696670e-01,5.658641119222854732e-01,5.566075245973270968e-01,5.477165851020198151e-01,5.392601435140864652e-01,5.312760276414102423e-01
-7.600696985775772241e-01,-7.545623388293657419e-01,-7.486941041115695583e-01,-7.424255934195190809e-01,-7.357113819548430911e-01,-7.284988688726079520e-01,-7.207268691509315373e-01,-7.123238871473038802e-01,-7.032059934596428530e-01,-6.932742067140689191e-01,-6.824112568819299396e-01,-6.704775754764374929e-01,-6.573063189429112496e-01,-6.426971826315732716e-01,-6.264087008409227053e-01,-6.081486486256267865e-01,-5.875620550058001657e-01,-5.642161901085465114e-01,-5.375816742262051751e-01,-5.070085280864954358e-01,-4.716954596105874531e-01,-4.306498244542300013e-01,-3.826342709522243535e-01,-3.260936831298079652e-01,-2.590519568572608455e-01,-1.789610525412737019e-01,-8.247201071187258703e-02,3.492640174932082342e-02,1.795034670736530003e-01,3.603194072564400718e-01,5.667922360527009040e-01,5.869479546755588251e-01,6.031021780234009366e-01,6.155363772149836654e-01,6.243796246037348618e-01,6.297283056490616815e-01,6.317299849206378104e-01,6.306350403451761455e-01,6.268118508648058418e-01,6.207260744452766099e-01,6.128949279397321037e-01,6.038341726606804016e-01,5.940138043265557055e-01,5.838307144585972441e-01,5.735985776602899877e-01,5.635505735382585479e-01,5.538494817298214024e-01,5.446006813861762330e-01,5.358651723749552342e-01,5.276711172629013902e-01
-7.705147761919276528e-01,-7.653264938385500038e-01,-7.597993739787070044e-01,-7.538962991082818199e-01,-7.475744075410980516e-01,-7.407839719799830247e-01,-7.334670220712027344e-01,-7.255556462828615105e-01,-7.169698912439143035e-01,-7.076151549079708891e-01,-6.973789424340368637e-01,-6.861268191244379588e-01,-6.736973514183355327e-01,-6.598957726034646587e-01,-6.444860415221104200e-01,-6.271808754323711099e-01,-6.076292244638152873e-01,-5.854005006196921768e-01,-5.599646529100713588e-01,-5.306668439858742703e-01,-4.966949463711420876e-01,-4.570371872775308986e-01,-4.104257719014535732e-01,-3.552597655291400147e-01,-2.894961428863527808e-01,-2.104902875197524614e-01,-1.147534899090928151e-01,2.430944563242029826e-03,1.476432920520013847e-01,3.304359089685758866e-01,5.574963886118143863e-01,5.812594497772544111e-01,6.002446948267584625e-01,6.148756459457609402e-01,6.253415293448559842e-01,6.317637461744324279e-01,6.343144388185185667e-01,6.332924268212547503e-01,6.291478027161587772e-01,6.224539710696356254e-01,6.138437097212436910e-01,6.039370355497244436e-01,5.932846214796775319e-01,5.823369748241260524e-01,5.714372552140789541e-01,5.608298293632664189e-01,5.506764691275359835e-01,5.410744082169266500e-01,5.320730192245003431e-01,5.236877438366278614e-01
-7.809869186137415875e-01,-7.761189086411929283e-01,-7.709344214395026373e-01,-7.653987233781579524e-01,-7.594716455340692063e-01,-7.531065012794663227e-01,-7.462487498479989378e-01,-7.388343394412334453e-01,-7.307876449919061823e-01,-7.220188921062336007e-01,-7.124209286287529475e-01,-7.018651670879535454e-01,-6.901964730264049663e-01,-6.772267134803955368e-01,-6.627266035204834038e-01,-6.464153923154620784e-01,-6.279478063642550678e-01,-6.068975032140585535e-01,-5.827360590578414268e-01,-5.548061698176042222e-01,-5.222871969522285829e-01,-4.841502719002292454e-01,-4.390985995716332746e-01,-3.854858803844763981e-01,-3.212010526501921093e-01,-2.434992942818616779e-01,-1.487443469092449566e-01,-3.199912747950472286e-02,1.136549464484645361e-01,2.983116115673576929e-01,5.374727572178079615e-01,5.745677676846256965e-01,5.968363408469256060e-01,6.140111759415987081e-01,6.263569290104944454e-01,6.340181490321000757e-01,6.371869196061488161e-01,6.362152883444993634e-01,6.316547567079985326e-01,6.242170994388759331e-01,6.146823822098141932e-01,6.037990530643299047e-01,5.922117485310235407e-01,5.804283686168500989e-01,5.688192054125469355e-01,5.576345556639186185e-01,5.470292313649592897e-01,5.370868667805210883e-01,5.278407326210069472e-01,5.192901308966043628e-01
-7.914834631952131216e-01,-7.869364466233191857e-01,-7.820955570421215253e-01,-7.769285328399303525e-01,-7.713980140065219704e-01,-7.654605071709936759e-01,-7.590651010107208885e-01,-7.521518644004085985e-01,-7.446498400536293305e-01,-7.364745210172020107e-01,-7.275246646168054276e-01,-7.176782563750829791e-01,-7.067873826953446903e-01,-6.946717029415373501e-01,-6.811101255674241184e-01,-6.658301847388853334e-01,-6.484944768199939480e-01,-6.286833384479889597e-01,-6.058727066518254656e-01,-5.794057496570024224e-01,-5.484563010450742571e-01,-5.119811913273433213e-01,-4.686569270322405445e-01,-4.167932593654531948e-01,-3.542110575338072165e-01,-2.780628588418753711e-01,-1.845582053266173750e-01,-6.852525708084529488e-02,7.732153830105209513e-02,2.636724864255554635e-01,5.070559223595982878e-01,5.666374427089266863e-01,5.927271166961114446e-01,6.128611776112793397e-01,6.274000688375458434e-01,6.365056451846720087e-01,6.403785200969259739e-01,6.394264890826638625e-01,6.343284243067192074e-01,6.259771600112044032e-01,6.153430857650171726e-01,6.033333584691563667e-01,5.907006198508271133e-01,5.780115924926736426e-01,5.656581317710566159e-01,5.538883866919696031e-01,5.428422484503727663e-01,5.325830640109114889e-01,5.231228768629470061e-01,5.144411637038999174e-01
-8.020018716729442332e-01,-7.977760905820792114e-01,-7.932792001626701728e-01,-7.884814845896254143e-01,-7.833484925757139283e-01,-7.778400583406563928e-01,-7.719090799690215832e-01,-7.654999870621990166e-01,-7.585468089402579439e-01,-7.509707275712443897e-01,-7.426769639933553657e-01,-7.335508008896274301e-01,-7.234524843222617241e-01,-7.122106710722335698e-01,-6.996139906599891933e-01,-6.854001683213578611e-01,-6.692420008667174791e-01,-6.507292815160694577e-01,-6.293455126966236435e-01,-6.044378843459023987e-01,-5.751784363402945299e-01,-5.405133764797985796e-01,-4.990958260106572175e-01,-4.491941647226252443e-01,-3.885625430304029404e-01,-3.142501158529508731e-01,-2.223075470640810680e-01,-1.073156429900826853e-01,3.840672890210465595e-02,2.262068081723326296e-01,4.737627725993249217e-01,5.571667448847970050e-01,5.877177677937811540e-01,6.113094824675879835e-01,6.284265624624683078e-01,6.392359683300025130e-01,6.439233233789322108e-01,6.429493091529100424e-01,6.371552317555206901e-01,6.276762615244035892e-01,6.157323856413884355e-01,6.024268557500583876e-01,5.886335264986568561e-01,5.749749258909451211e-01,5.618541692980874025e-01,5.495055852125617646e-01,5.380439262786179677e-01,5.275043623114593627e-01,5.178720776206416909e-01,5.091029376914131266e-01
-8.125397658384656552e-01,-8.086349845247288171e-01,-8.044819279141844914e-01,-8.000534832962068466e-01,-7.953181887869817945e-01,-7.902393185320317759e-01,-7.847737351103865056e-01,-7.788704414524763031e-01,-7.724687431158512307e-01,-7.654959032172653499e-01,-7.578641344333210128e-01,-7.494667223879406537e-01,-7.401730089095496234e-01,-7.298218778609749657e-01,-7.182132757239346743e-01,-7.050971585642730188e-01,-6.901590804301328541e-01,-6.730014175352190264e-01,-6.531189425159796835e-01,-6.298670878337658818e-01,-6.024206802996010524e-01,-5.697199927440995681e-01,-5.303992367360056415e-01,-4.826893483750548941e-01,-4.242807788176640171e-01,-3.521207832377022950e-01,-2.620994450864405079e-01,-1.485410831710425317e-01,-3.342752625413647136e-03,1.855631722580412812e-01,4.371466143551639982e-01,5.457672629944142484e-01,5.815417606319237542e-01,6.091898035921106125e-01,6.293624402553945618e-01,6.422100804647213890e-01,6.478583900909514748e-01,6.468063668741461658e-01,6.401065784210696608e-01,6.292275130747937428e-01,6.157214933598914586e-01,6.009325274179272425e-01,5.858647235733198677e-01,5.711857319159561186e-01,5.572930272675995500e-01,5.443911484867877126e-01,5.325571838056580853e-01,5.217892494068463449e-01,5.120398084855375398e-01,5.032374800177094043e-01
-8.230949646000985664e-01,-8.195104775016534004e-01,-8.157005269649471035e-01,-8.116406423828392835e-01,-8.073024101822739995e-01,-8.026526311248469714e-01,-7.976522575106659296e-01,-7.922550440030311503e-01,-7.864058238021442993e-01,-7.800382922253960016e-01,-7.730721397433452102e-01,-7.654093227162217516e-01,-7.569291880918717075e-01,-7.474820728138172887e-01,-7.368808734593313980e-01,-7.248899200159958367e-01,-7.112102830558852951e-01,-6.954603891479997912e-01,-6.771505053864045331e-01,-6.556492559838803524e-01,-6.301397808472489759e-01,-5.995622480106782559e-01,-5.625377455194930931e-01,-5.172652006630711341e-01,-4.613762812852269524e-01,-3.917205442703284302e-01,-3.040298940333817646e-01,-1.923687006622475659e-01,-4.819187759870772331e-02,1.413509898134054088e-01,3.966806051266192346e-01,5.319375098586522910e-01,5.738406703452560986e-01,6.062622705920699406e-01,6.300862545426488825e-01,6.454123486661998976e-01,6.522234974787840533e-01,6.510176050247988844e-01,6.431291938457869284e-01,6.305005014252357265e-01,6.151326430673081935e-01,5.986599306688756839e-01,5.822152374428342103e-01,5.664884105842170614e-01,5.518458120965534786e-01,5.384415623239982018e-01,5.263005640881690539e-01,5.153744968978720697e-01,5.055774509737896993e-01,4.968076562654266670e-01
-8.336655220013664547e-01,-8.304001689697610988e-01,-8.269320476921172558e-01,-8.232393486629675516e-01,-8.192967413681919719e-01,-8.150746108276746282e-01,-8.105380896284177794e-01,-8.056458216733318745e-01,-8.003483717416114418e-01,-7.945861646368198583e-01,-7.882867961245144661e-01,-7.813615009216479113e-01,-7.737004853066831167e-01,-7.651667266550262747e-01,-7.555877011961351641e-01,-7.447443155269887205e-01,-7.323560782257275692e-01,-7.180612485696575842e-01,-7.013903354333058671e-01,-6.817308818055991537e-01,-6.582809158427007645e-01,-6.299876188305713054e-01,-5.954662007056203965e-01,-5.528906327429167211e-01,-4.998407206142926884e-01,-4.330755894470778022e-01,-3.481765925130831940e-01,-2.389530484066935689e-01,-9.640827154781704544e-02,9.314523276838775068e-02,3.517495050029366133e-01,5.150295376773641465e-01,5.641312739322191794e-01,6.021785615606695119e-01,6.303992895622926307e-01,6.487961001755025991e-01,6.570603672644890203e-01,6.555964199887583943e-01,6.461283192821987154e-01,6.312985580839515221e-01,6.137204116057619618e-01,5.953640833827253953e-01,5.774680430609173687e-01,5.607034212771474513e-01,5.453699517626348081e-01,5.315464497830505453e-01,5.191899974483304980e-01,5.081967656593188165e-01,4.984376480900120643e-01,4.897782634403020086e-01
-8.442497656926694072e-01,-8.413019550885193487e-01,-8.381738599682351243e-01,-8.348463296182759841e-01,-8.312971251638724413e-01,-8.275002414797025807e-01,-8.234250429449783137e-01,-8.190351529439784395e-01,-8.142870152042018805e-01,-8.091280147061896688e-01,-8.034940035364694921e-01,-7.973060179031180583e-01,-7.904658900871873728e-01,-7.828503447792539705e-01,-7.743030122466680876e-01,-7.646235785275312669e-01,-7.535530126606696522e-01,-7.407534534520888725e-01,-7.257809021582021236e-01,-7.080483609403623868e-01,-6.867764788819200605e-01,-6.609280258207410608e-01,-6.291212039099376430e-01,-5.895137586497263271e-01,-5.396424811122564336e-01,-4.761864309574881937e-01,-3.945901553447843102e-01,-2.884241649392481621e-01,-1.482481195772889782e-01,4.049783538941881256e-02,3.016466397514874220e-01,4.942081256505905795e-01,5.517632970258680158e-01,5.964309310582900370e-01,6.299751353820340904e-01,6.522557419161673087e-01,6.624107646072264766e-01,6.605418057555434430e-01,6.489370736753097280e-01,6.313229370888066017e-01,6.111470572229062981e-01,5.907337839012267722e-01,5.713648775130902857e-01,5.536282691842595582e-01,5.377117321408132478e-01,5.235913676503405334e-01,5.111413246979359393e-01,5.001946920337161373e-01,4.905759511135360795e-01,4.821172951634977721e-01
-8.548463352894785094e-01,-8.522140752614029147e-01,-8.494237097525952906e-01,-8.464587223306571095e-01,-8.432999466669822697e-01,-8.399249786247205973e-01,-8.363074230623942507e-01,-8.324159201134629926e-01,-8.282128747389140289e-01,-8.236527836876804676e-01,-8.186800118473619436e-01,-8.132258099034702648e-01,-8.072042795953766614e-01,-8.005068711000633552e-01,-7.929948251587964902e-01,-7.844887330114758139e-01,-7.747540606951903719e-01,-7.634810544304276858e-01,-7.502569070463607215e-01,-7.345274444594722674e-01,-7.155449384872304419e-01,-6.922979908895308121e-01,-6.634185104749247275e-01,-6.270584552264358846e-01,-5.807220437299143168e-01,-5.210212374374119104e-01,-4.432839381272286605e-01,-3.408723641495435275e-01,-2.039358299842508049e-01,-1.704129052851959328e-02,2.455810781362655904e-01,4.684033427379671322e-01,5.358690956833236374e-01,5.882807493462178794e-01,6.282736194357275705e-01,6.555698044195517049e-01,6.683118340329636808e-01,6.658210602377174769e-01,6.512579757680512227e-01,6.301169468135091600e-01,6.069525474706792822e-01,5.843820446287607551e-01,5.636067594760866273e-01,5.450416046852528673e-01,5.287109798121804038e-01,5.144619600955467886e-01,5.020736375656943418e-01,4.913114480186538402e-01,4.819527303912732319e-01,4.737973456446062381e-01
-8.654542199951636983e-01,-8.631351581547276330e-01,-8.606797755423862828e-01,-8.580741429117982877e-01,-8.553021188356760840e-01,-8.523448551802809137e-01,-8.491801602948007011e-01,-8.457816706706922094e-01,-8.421177622750212199e-01,-8.381501046253003739e-01,-8.338317199260312229e-01,-8.291043502824640976e-01,-8.238948494271154388e-01,-8.181101889523866300e-01,-8.116304850576708807e-01,-8.042991866309980864e-01,-7.959091901335363373e-01,-7.861831319060773593e-01,-7.747454383499370323e-01,-7.610829148727488169e-01,-7.444898318135578785e-01,-7.239928074630973542e-01,-6.982503544488903868e-01,-6.654208665412186807e-01,-6.229874079881793092e-01,-5.675090972395498978e-01,-4.942229459133510305e-01,-3.963299305400532213e-01,-2.636366148791819408e-01,-7.989049311911683438e-02,1.827019139791308533e-01,4.362591709469594847e-01,5.153119834729497084e-01,5.766674338191497551e-01,6.243960577962605063e-01,6.582764776093666947e-01,6.747836520287838757e-01,6.713271397753658443e-01,6.525463000951018389e-01,6.269829986398888222e-01,6.005245972556888523e-01,5.758439573123749211e-01,5.538611056708672153e-01,5.347116689804406464e-01,5.182083189934704182e-01,5.040495616440825444e-01,4.919134062187233702e-01,4.814977110334791588e-01,4.725352847526667621e-01,4.647970968918094803e-01
-8.760727948224484862e-01,-8.740642663580827643e-01,-8.719407236358213131e-01,-8.696907551204891007e-01,-8.673011679570192811e-01,-8.647565881916109420e-01,-8.620389433047063177e-01,-8.591267848206763924e-01,-8.559943911940413042e-01,-8.526105654418958402e-01,-8.489370039854545746e-01,-8.449260566079994650e-01,-8.405176127847194811e-01,-8.356347224770048765e-01,-8.301773684197888414e-01,-8.240135212536155995e-01,-8.169661871061851821e-01,-8.087945500116534570e-01,-7.991664762233511299e-01,-7.876185890690386993e-01,-7.734989782004891845e-01,-7.558867542145313312e-01,-7.334826724794267783e-01,-7.044658627532439654e-01,-6.663097789075917987e-01,-6.155337822736551834e-01,-5.473126573358225722e-01,-4.547504658645623588e-01,-3.274219368084267945e-01,-1.483873648963003888e-01,1.121477080476341176e-01,3.960825047354983863e-01,4.886493637017749747e-01,5.601165784729614794e-01,6.168593573043079648e-01,6.593823142122650083e-01,6.817900949531935373e-01,6.767556248903087157e-01,6.517723441881920765e-01,6.208763296548065469e-01,5.910841138029968578e-01,5.645904525901983551e-01,5.417786516715159539e-01,5.224100125134982786e-01,5.060551257747618603e-01,4.922581380119154804e-01,4.805992416142552126e-01,4.707149082327407030e-01,4.623000439096308090e-01,4.551028108640747805e-01
-8.867018547179600363e-01,-8.850009388004880240e-01,-8.832057610780250645e-01,-8.813073367286016202e-01,-8.792953171715264249e-01,-8.771576843518175126e-01,-8.748803528691828646e-01,-8.724466455427858369e-01,-8.698365929626583615e-01,-8.670259851231183479e-01,-8.639850693553952077e-01,-8.606767371627124241e-01,-8.570539632378094685e-01,-8.530561371766484102e-01,-8.486037375719792664e-01,-8.435905014796298840e-01,-8.378717838789216943e-01,-8.312471054296767248e-01,-8.234338651252912644e-01,-8.140277930530019912e-01,-8.024440422121628114e-01,-7.878313935494576370e-01,-7.689521342454941344e-01,-7.440233304292429573e-01,-7.105196656241843378e-01,-6.649287107250444473e-01,-6.023889790592674709e-01,-5.159873350205054221e-01,-3.952290420670110938e-01,-2.227238633159547287e-01,3.312819523329797039e-02,3.457955679426306106e-01,4.541375710273076183e-01,5.367056353330805774e-01,6.033222292631486017e-01,6.566587768338352227e-01,6.890762321582349914e-01,6.811631512687911227e-01,6.469662840107571755e-01,6.103239358171562712e-01,5.777166369254194134e-01,5.500678094073905289e-01,5.270223115972285655e-01,5.079304993935127577e-01,4.921257762195034302e-01,4.790121759895148990e-01,4.680869968019004124e-01,4.589385256745884267e-01,4.512347192127529327e-01,4.447097279833817085e-01
-8.973416458820256958e-01,-8.959452300083395881e-01,-8.944746851066546212e-01,-8.929233421017497285e-01,-8.912835660634481627e-01,-8.895465417083776583e-01,-8.877019924422990815e-01,-8.857378069020459543e-01,-8.836395348951713302e-01,-8.813896962332010698e-01,-8.789668175254686799e-01,-8.763440675460344442e-01,-8.734872914692269896e-01,-8.703521318846674237e-01,-8.668797433522618112e-01,-8.629903136785664897e-01,-8.585731291096635465e-01,-8.534711549412112852e-01,-8.474568981755610242e-01,-8.401945120126483868e-01,-8.311806559712617837e-01,-8.196540428260263855e-01,-8.044628023781498216e-01,-7.838839186986348295e-01,-7.554032919073383479e-01,-7.154738312197173045e-01,-6.592108691141466137e-01,-5.797733185124075428e-01,-4.668174119535375977e-01,-3.028683752781693994e-01,-5.495924743640682314e-02,2.828858986676053844e-01,4.098061384709597577e-01,5.041940639406844449e-01,5.805188428027208136e-01,6.452032030501412274e-01,6.950318133941508769e-01,6.808921268537209137e-01,6.346334558522845892e-01,5.935191499131851067e-01,5.594881942442379019e-01,5.317679440212829123e-01,5.093068404825309425e-01,4.911120746081541477e-01,4.763311082156342358e-01,4.642648321912820064e-01,4.543547728818801978e-01,4.461612074846711407e-01,4.393402272929124441e-01,4.336232591797047342e-01
-9.079928935834957748e-01,-9.068977452892174052e-01,-9.057479278944380319e-01,-9.045389594095490926e-01,-9.032657642222499117e-01,-9.019225447834058329e-01,-9.005026118433957505e-01,-8.989981557646066213e-01,-8.973999326746735505e-01,-8.956968254797600393e-01,-8.938752178877249488e-01,-8.919180843047146423e-01,-8.898036407429577022e-01,-8.875033061809081136e-01,-8.849785632260268597e-01,-8.821760346615812320e-01,-8.790196276669283160e-01,-8.753978032370849371e-01,-8.711426835442209748e-01,-8.659954964543418177e-01,-8.595494476369937020e-01,-8.511566374610162189e-01,-8.397821816745050238e-01,-8.237934391332638606e-01,-8.006986604687988951e-01,-7.668949743819694076e-01,-7.174573102240383582e-01,-6.457038652037728754e-01,-5.417264992935153511e-01,-3.884822485207052312e-01,-1.523848143175071668e-01,2.043266292586623234e-01,3.536022438445537985e-01,4.604030687545336842e-01,5.449942888931663676e-01,6.169471208316114064e-01,6.807041853403829057e-01,6.613945654662732876e-01,6.102604285952543117e-01,5.688029484607263209e-01,5.356534026824498751e-01,5.093199584274689107e-01,4.884430537400531458e-01,4.718620201468136099e-01,4.586313882800269193e-01,4.480054090716487636e-01,4.394072974423209321e-01,4.323953299221054980e-01,4.266321955307352254e-01,4.218598538603255399e-01
-9.186568257988250163e-01,-9.178596709529885933e-01,-9.170265954053844482e-01,-9.161551608819942238e-01,-9.152426766464660801e-01,-9.142861502344906688e-01,-9.132822201818933117e-01,-9.122270616450355307e-01,-9.111162504913431492e-01,-9.099445626943463150e-01,-9.087056713065787550e-01,-9.073916786963394099e-01,-9.059923796221108772e-01,-9.044940775413661260e-01,-9.028776475599095130e-01,-9.011153089357977208e-01,-8.991651532375473099e-01,-8.969617140068808503e-01,-8.943994741093349576e-01,-8.913036923404941136e-01,-8.873785367834268190e-01,-8.821155045932654870e-01,-8.746364912072611686e-01,-8.634444721847243098e-01,-8.460894594825854043e-01,-8.188656703416676841e-01,-7.767301203823498978e-01,-7.132256782645854942e-01,-6.192398983771024712e-01,-4.788435500510223042e-01,-2.589315890337812176e-01,1.064044663997007339e-01,2.835495215974689898e-01,4.037353604877096380e-01,4.947638868000997503e-01,5.673831140987516397e-01,6.176778911834513996e-01,6.105453540020847614e-01,5.716976941542255553e-01,5.354270675091202802e-01,5.058802021717505593e-01,4.825745347043877143e-01,4.643759245752097087e-01,4.501753082764950453e-01,4.390467675191251917e-01,4.302651366277290279e-01,4.232791188219385825e-01,4.176747328918735125e-01,4.131418635038135445e-01,4.094474333860981807e-01
-9.293351920571838454e-01,-9.288327987406330699e-01,-9.283124992445207502e-01,-9.277737445899569835e-01,-9.272160389092082289e-01,-9.266389601949241994e-01,-9.260421840633346058e-01,-9.254255091933457633e-01,-9.247888811488231831e-01,-9.241324075667719518e-01,-9.234563506923010312e-01,-9.227610701395455584e-01,-9.220468642076669052e-01,-9.213136118158763432e-01,-9.205600291591552464e-01,-9.197821860953918627e-01,-9.189705982503184600e-01,-9.181045628710881035e-01,-9.171411179288837534e-01,-9.159934319079224840e-01,-9.144883473714338074e-01,-9.122831537612863251e-01,-9.087054841435954211e-01,-9.024629324931003893e-01,-8.911926507526748420e-01,-8.710101371117188185e-01,-8.365633516608099729e-01,-7.816297017865463381e-01,-6.983603524620461966e-01,-5.727957070309815935e-01,-3.737613650607169435e-01,-2.004089369519198097e-02,1.978209978945959235e-01,3.334949631332703723e-01,4.303048596194282149e-01,5.011017834342467170e-01,5.431294848024252886e-01,5.450558129958115172e-01,5.212803516868345088e-01,4.939182100847134271e-01,4.703546835586925878e-01,4.516466453945021109e-01,4.372058361627841894e-01,4.261460201605990483e-01,4.176634305126465385e-01,4.111203538616365893e-01,4.060361248733597161e-01,4.020553327919358932e-01,3.989162228961754542e-01,3.964252997460289696e-01
-9.400302769490734844e-01,-9.398195437226414262e-01,-9.396081804896793122e-01,-9.393973663536459018e-01,-9.391886001438481957e-01,-9.389837805733580733e-01,-9.387853072381866504e-01,-9.385962078672803743e-01,-9.384202983396666697e-01,-9.382623829264677973e-01,-9.381285024280633378e-01,-9.380262360875903926e-01,-9.379650565868190570e-01,-9.379567200573629693e-01,-9.380156319086707661e-01,-9.381590362898415414e-01,-9.384066706485771903e-01,-9.387790707451186822e-01,-9.392926994725857570e-01,-9.399478116515034287e-01,-9.406998904567015485e-01,-9.413941743134568441e-01,-9.416186324172758360e-01,-9.403869298222456985e-01,-9.355307385054472125e-01,-9.229030079192066527e-01,-8.964383625009769707e-01,-8.500405903759996606e-01,-7.777974377475215251e-01,-6.687432903065197998e-01,-4.953404717835627191e-01,-1.790304433141331475e-01,9.464844854785658956e-02,2.497787656200070316e-01,3.536854350522787849e-01,4.243429991903240883e-01,4.645430078661260676e-01,4.738823006616835198e-01,4.627994208573181223e-01,4.456524507888351416e-01,4.297008249334769436e-01,4.169011980808396411e-01,4.071880991867076194e-01,3.999687552835904381e-01,3.946343616442037905e-01,3.906924845258196721e-01,3.877750406889268753e-01,3.856144218705530591e-01,3.840172881505407032e-01,3.828434612212627264e-01
-9.507449078539850218e-01,-9.508229550520791440e-01,-9.509169246481454785e-01,-9.510295605745547887e-01,-9.511641521432343538e-01,-9.513246618737742910e-01,-9.515158881764745891e-01,-9.517436736733617675e-01,-9.520151735806922089e-01,-9.523392034583917365e-01,-9.527266920850325782e-01,-9.531912734949266053e-01,-9.537500621845077520e-01,-9.544246658217533374e-01,-9.552424958579094350e-01,-9.562384251430415816e-01,-9.574567783355224515e-01,-9.589534362284415359e-01,-9.607972596307210456e-01,-9.630684982502873970e-01,-9.658477877374215259e-01,-9.691786219962832405e-01,-9.729579314485201635e-01,-9.766374161147171051e-01,-9.784699439169343149e-01,-9.740523790237155533e-01,-9.557997979361627650e-01,-9.173775500326408761e-01,-8.559673969431278451e-01,-7.647234797836683917e-01,-6.214704702708924167e-01,-3.561281475558411569e-01,-2.793349606250000033e-02,1.530973956355457521e-01,2.672121005964067098e-01,3.408433804416597379e-01,3.830503580597011681e-01,3.993618986815318239e-01,3.990204419160381377e-01,3.921820429972476263e-01,3.847953771384574617e-01,3.788977985821974648e-01,3.747143111479547262e-01,3.719305723029245891e-01,3.701745814024945402e-01,3.691445913121161326e-01,3.686207535103943056e-01,3.684485684337102662e-01,3.685204561990453320e-01,3.687613582586266037e-01
-9.614824565608952600e-01,-9.618467191099421276e-01,-9.622427670781308340e-01,-9.626747490413084529e-01,-9.631475431947311705e-01,-9.636669205186597642e-01,-9.642397525862361762e-01,-9.648742785230948193e-01,-9.655804510860389600e-01,-9.663703895969929514e-01,-9.672589786084033747e-01,-9.682646672365612384e-01,-9.694105472961530579e-01,-9.707258217173290182e-01,-9.722478218493680879e-01,-9.740247959890275808e-01,-9.761197685823665982e-01,-9.786158335022426824e-01,-9.816231922481601924e-01,-9.852877337216907616e-01,-9.897988735397067472e-01,-9.953872013440485667e-01,-1.002278631782495877e+00,-1.010491402900256519e+00,-1.019089578965874487e+00,-1.023820067534480183e+00,-1.014055452986113215e+00,-9.822193598261893532e-01,-9.310128974449740635e-01,-8.585928668199040992e-01,-7.494711562015237138e-01,-5.493661365862783086e-01,-1.724590259211574439e-01,4.402072559601445667e-02,1.728394741244371757e-01,2.527001167830402739e-01,2.992597290417239320e-01,3.223978653477447831e-01,3.316016326319708996e-01,3.348685006025503563e-01,3.366066632716349649e-01,3.383278107351089248e-01,3.402845501014279406e-01,3.423958302616523786e-01,3.445514344681154251e-01,3.466746494079683272e-01,3.487215143937050787e-01,3.506701537024952686e-01,3.525119886968050009e-01,3.542460196391923888e-01
-9.722468345905749265e-01,-9.728951547579747228e-01,-9.735904884495230061e-01,-9.743382370711242135e-01,-9.751446756882683475e-01,-9.760171392127170442e-01,-9.769642586350699709e-01,-9.779962637383861068e-01,-9.791253751588898657e-01,-9.803663180255557386e-01,-9.817370032417380710e-01,-9.832594431924175371e-01,-9.849610001493122047e-01,-9.868761141655686409e-01,-9.890487329399233474e-01,-9.915357852624360202e-01,-9.944122275295896873e-01,-9.977784852873762267e-01,-1.001771545860685286e+00,-1.006581513266201267e+00,-1.012475777422667145e+00,-1.019831388504866432e+00,-1.029165483517963775e+00,-1.041101674787510589e+00,-1.055952573586298460e+00,-1.071078054828905612e+00,-1.070476513683840780e+00,-1.042424394242816854e+00,-1.000901831119671126e+00,-9.483824957832227565e-01,-8.765688575791587001e-01,-7.552346441374561126e-01,-3.424918910789875870e-01,-7.704500998998324579e-02,7.214187478211263327e-02,1.613413802278526044e-01,2.137602659521539994e-01,2.435407776303563920e-01,2.615564372941165394e-01,2.748344909563799621e-01,2.861223199653942229e-01,2.959696569325482307e-01,3.044786290374516535e-01,3.117864224553472674e-01,3.180707820605940261e-01,3.235059261086939975e-01,3.282422466493197244e-01,3.324027014906367761e-01,3.360857268190338698e-01,3.393697268301351100e-01
-9.830424821763245058e-01,-9.839732006106806095e-01,-9.849656000820600221e-01,-9.860261967051426879e-01,-9.871624870205314428e-01,-9.883831455517756437e-01,-9.896982735566283162e-01,-9.911197155229676259e-01,-9.926614664726971515e-01,-9.943402027056248427e-01,-9.961759829191798588e-01,-9.981931884222701168e-01,-1.000421804995396791e+00,-1.002899202616485130e+00,-1.005672656296948242e+00,-1.008802995637636313e+00,-1.012370015709898707e+00,-1.016480706575732862e+00,-1.021282107498593383e+00,-1.026981919828482859e+00,-1.033882321099942159e+00,-1.042436088053666721e+00,-1.053338107873126095e+00,-1.067659647037045856e+00,-1.086956798554905790e+00,-1.112536776328025390e+00,-1.123153569167176569e+00,-1.094467804040795578e+00,-1.063795837434998059e+00,-1.032860966374354428e+00,-1.000587359152972811e+00,-9.685423697226942519e-01,-5.432862474221930027e-01,-2.100738199953240681e-01,-3.364116890529603859e-02,6.794560367393276401e-02,1.272364710301962520e-01,1.632487060079438335e-01,1.895690951988066031e-01,2.130705704787272947e-01,2.343638867894010103e-01,2.526688068857817493e-01,2.679289637894039511e-01,2.805585204647115249e-01,2.910598223918888783e-01,2.998749997586219740e-01,3.073563457200620963e-01,3.137752681004191690e-01,3.193392201695887667e-01,3.242073085275147259e-01
-9.938743510146487159e-01,-9.950863944464030109e-01,-9.963743192815105454e-01,-9.977456370629183002e-01,-9.992089138542179505e-01,-1.000773968831229599e+00,-1.002452121384455497e+00,-1.004256501733483020e+00,-1.006202445805535195e+00,-1.008308003562657928e+00,-1.010594602567996825e+00,-1.013087927830214063e+00,-1.015819109041562029e+00,-1.018826354511666699e+00,-1.022157250424535091e+00,-1.025872078512614971e+00,-1.030048740424138520e+00,-1.034790302140757401e+00,-1.040236966169201693e+00,-1.046585810849750775e+00,-1.054124658633011302e+00,-1.063292400953006256e+00,-1.074789109773307327e+00,-1.089773526723672115e+00,-1.110162320688054871e+00,-1.138580001685002951e+00,-1.155244445972672285e+00,-1.134295177998296822e+00,-1.114457770785539203e+00,-1.072369273248355181e+00,-1.019725496304250578e+00,-9.493119872853942320e-01,-7.835044180308767814e-01,-3.560331335816169784e-01,-1.437808858249076394e-01,-2.646407383538799951e-02,4.056007474006346342e-02,8.200455920332734572e-02,1.161730749448070116e-01,1.506300993933288312e-01,1.824614556635148488e-01,2.093293303167399200e-01,2.312905479943404286e-01,2.491752268590504693e-01,2.638470881784910627e-01,2.760180883211196257e-01,2.862364973475336472e-01,2.949162576077968834e-01,3.023695116236339575e-01,3.088332233140704819e-01
-1.004747881053358327e+00,-1.006240845088396618e+00,-1.007823535083017807e+00,-1.009504362360473362e+00,-1.011292840350074496e+00,-1.013199775800738722e+00,-1.015237502694584792e+00,-1.017420170944807856e+00,-1.019764106250118818e+00,-1.022288263652181506e+00,-1.025014806416447044e+00,-1.027969855498253704e+00,-1.031184475885497998e+00,-1.034695999439006808e+00,-1.038549838314245966e+00,-1.042802035067701638e+00,-1.047522956772493519e+00,-1.052802834091124851e+00,-1.058760402875197126e+00,-1.065557002381774199e+00,-1.073420707591240530e+00,-1.082689561266058531e+00,-1.093890882101124395e+00,-1.107876029941507356e+00,-1.125906905426419913e+00,-1.138446098176379984e+00,-1.134398839823159699e+00,-1.108318711105662047e+00,-1.075290226811428829e+00,-1.036415130259393580e+00,-9.870742485642957087e-01,-9.214022447289748063e-01,-8.447060543685255274e-01,-5.189204968571854426e-01,-2.586427063175164021e-01,-1.211434734882995967e-01,-4.504190775058361518e-02,5.346789298657717493e-04,4.191487663750981946e-02,8.897391966753408210e-02,1.317421233470877362e-01,1.668863979186860635e-01,1.951988948171303750e-01,2.180740035696788481e-01,2.367403892248174102e-01,2.521565829570934780e-01,2.650451813112360555e-01,2.759471060981831814e-01,2.852688626107719450e-01,2.933186117477979415e-01
-1.015668971735458115e+00,-1.017443197291721058e+00,-1.019320765092261771e+00,-1.021310918487896346e+00,-1.023424031541307899e+00,-1.025671786901135585e+00,-1.028067388384530600e+00,-1.030625816497078073e+00,-1.033364137467945643e+00,-1.036301879534979875e+00,-1.039461494516505935e+00,-1.042868928663686745e+00,-1.046554335190011731e+00,-1.050552972983832545e+00,-1.054906353901983396e+00,-1.059663728250299419e+00,-1.064884040796893805e+00,-1.070638559191362527e+00,-1.077014493621625491e+00,-1.084120127521073451e+00,-1.092092316320850465e+00,-1.099750017144422332e+00,-1.098944438589441353e+00,-1.098040236781085532e+00,-1.096756192513862249e+00,-1.093611393305208512e+00,-1.083907223285981658e+00,-1.065025831086626074e+00,-1.039404459159382288e+00,-1.006567026322213287e+00,-9.638296319602170925e-01,-9.084472337721654078e-01,-8.474349415044968303e-01,-7.036425064596740775e-01,-3.796458800919321197e-01,-2.176912910447334482e-01,-1.307771540177794511e-01,-8.278353478617522798e-02,-3.623792366282187899e-02,2.539672543587161851e-02,7.762700858019898342e-02,1.193616932013071980e-01,1.526992835799388659e-01,1.795644004281350403e-01,2.014619437991750084e-01,2.195267559330552343e-01,2.346070060899497489e-01,2.473376498671831791e-01,2.581972359005750839e-01,2.675497943585893323e-01
-1.026643948256595662e+00,-1.028700590361221412e+00,-1.030874104375750999e+00,-1.033174529405697983e+00,-1.035613053533575467e+00,-1.038202175256780269e+00,-1.040955890592751398e+00,-1.043889909812577788e+00,-1.047021907984504896e+00,-1.050371813356216322e+00,-1.053962136675242744e+00,-1.057818342079181573e+00,-1.061969254739103530e+00,-1.066447489244745306e+00,-1.071289860381191783e+00,-1.076537693685774011e+00,-1.082236864874593696e+00,-1.088437218068538437e+00,-1.089922088153123081e+00,-1.087951089135754890e+00,-1.085562805674413767e+00,-1.082564265275008486e+00,-1.078615699904910352e+00,-1.073086535772731942e+00,-1.064829538402021880e+00,-1.052536536403440026e+00,-1.038568139643093247e+00,-1.025704258477045050e+00,-1.007818398934798854e+00,-9.818172479939054620e-01,-9.467372521867800650e-01,-9.028208706704617947e-01,-8.508642882474799496e-01,-7.742416257513934363e-01,-4.912212206346731613e-01,-3.128488751740368112e-01,-2.142405653369612306e-01,-1.601102970763386146e-01,-1.093224739836214654e-01,-3.566074717684043771e-02,2.303394572909471874e-02,7.000391931193880590e-02,1.078776789659745133e-01,1.387079323509919360e-01,1.640689502677071532e-01,1.851569427737753126e-01,2.028786152153256861e-01,2.179229070086501352e-01,2.308162853473482989e-01,2.419641801327942210e-01
-1.037679523515890878e+00,-1.040020611391370586e+00,-1.042492167578579876e+00,-1.045105024934924520e+00,-1.047871182659209310e+00,-1.050803951335323561e+00,-1.053918114794510918e+00,-1.057230108656528111e+00,-1.060758213627947644e+00,-1.064522758398103397e+00,-1.068546321216508943e+00,-1.072853909085702995e+00,-1.077473075598536889e+00,-1.082433906636178778e+00,-1.087090344456041802e+00,-1.085402465079112755e+00,-1.083477699578177411e+00,-1.081251940166356951e+00,-1.078633346078179622e+00,-1.075485437820342671e+00,-1.071596825754233651e+00,-1.066624925364466181e+00,-1.059988963524238104e+00,-1.050673730116868709e+00,-1.036963535382333212e+00,-1.016920340543777224e+00,-9.980623834054171972e-01,-9.925491319200863138e-01,-9.814853106022866092e-01,-9.615480117702395191e-01,-9.331835354775556146e-01,-8.972249536835826822e-01,-8.530077886506415297e-01,-7.919401414733758804e-01,-5.912844011583563431e-01,-3.968946608041257762e-01,-2.850895162156451002e-01,-2.164112770883112602e-01,-1.554184144344420981e-01,-8.556805557543338547e-02,-2.489115446339209420e-02,2.513737228905586416e-02,6.624258467441203335e-02,1.001818206798599231e-01,1.284181632536762485e-01,1.521137982245176212e-01,1.721771947800321001e-01,1.893152285219534547e-01,2.040785291897962983e-01,2.168978874895409470e-01
-1.048782756539716976e+00,-1.051411244152771429e+00,-1.054184025630420019e+00,-1.057112761767457609e+00,-1.060210306066030395e+00,-1.063490836686352026e+00,-1.066969997832062145e+00,-1.070665047079687682e+00,-1.074595001814983242e+00,-1.078780772344195116e+00,-1.083245259902159141e+00,-1.084389674212908883e+00,-1.082832489720323643e+00,-1.081100765433469224e+00,-1.079158817772176704e+00,-1.076959667024902867e+00,-1.074440080829071720e+00,-1.071512814338000164e+00,-1.068054107983126721e+00,-1.063882949271149236e+00,-1.058725735758746289e+00,-1.052154942968239304e+00,-1.043483192263745529e+00,-1.031592062534280929e+00,-1.014717501019828605e+00,-9.904083209641696417e-01,-9.654880624181272353e-01,-9.679679511090887312e-01,-9.609702526754125840e-01,-9.453473747826356410e-01,-9.220694688492235835e-01,-8.918580477023627662e-01,-8.539177944737319503e-01,-8.033348616523814378e-01,-6.829333838721639571e-01,-4.725508039275830297e-01,-3.470624376412405065e-01,-2.639425691113282402e-01,-1.949847370340942743e-01,-1.277814014634047202e-01,-6.726176859810832631e-02,-1.569652720750698560e-02,2.759681272653616638e-02,6.390968219245239668e-02,9.449169920997474437e-02,1.204074295075743678e-01,1.425252898495856790e-01,1.615416131906299568e-01,1.780113979336627739e-01,1.923768563630680606e-01
