-1.413179665399665375e+01,-1.412601255834142400e+01,-1.411998913258920396e+01,-1.411371176178947451e+01,-1.410716471194727362e+01,-1.410033103213253192e+01,-1.409319244710116692e+01,-1.408572923931111909e+01,-1.407792011901680063e+01,-1.406974208087230771e+01,-1.406117024515076253e+01,-1.405217768127429956e+01,-1.404273521082007647e+01,-1.403281118648975045e+01,-1.402237124266295254e+01,-1.401137801204824207e+01,-1.399979080153748434e+01,-1.398756521858500435e+01,-1.397465273718019318e+01,-1.396100018964821743e+01,-1.394654916696032565e+01,-1.393123530578915847e+01,-1.391498743498673107e+01,-1.389772654720725775e+01,-1.387936455266488878e+01,-1.385980276098946362e+01,-1.383893002310177955e+01,-1.381662044695389469e+01,-1.379273057740880937e+01,-1.376709589935452449e+01,-1.373952648128207876e+01,-1.370980151949170356e+01,-1.367766246415326137e+01,-1.364280429768102998e+01,-1.360486437824924799e+01,-1.356340803372348525e+01,-1.351790975786642335e+01,-1.346772836423062536e+01,-1.341207370078436334e+01,-1.334996136547214185e+01,-1.328015002569479819e+01,-1.320105296956439744e+01,-1.319901817593657967e+01,-1.323393403268363144e+01,-1.326337001758393441e+01,-1.328854732066960409e+01,-1.331035103469356962e+01,-1.332943784394424824e+01,-1.334630479951439952e+01,-1.336133467058728996e+01
-1.413655491059195235e+01,-1.413082962340792825e+01,-1.412486542559134506e+01,-1.411864756401005216e+01,-1.411216014095358418e+01,-1.410538601277333726e+01,-1.409830667866760301e+01,-1.409090215847525229e+01,-1.408315085814461121e+01,-1.407502942129312018e+01,-1.406651256495214319e+01,-1.405757289717814018e+01,-1.404818071367845356e+01,-1.403830376991239426e+01,-1.402790702424176494e+01,-1.401695234656496147e+01,-1.400539818540709547e+01,-1.399319918457234024e+01,-1.398030573809187693e+01,-1.396666346919693424e+01,-1.395221261525823664e+01,-1.393688729587060848e+01,-1.392061463528418130e+01,-1.390331370288099322e+01,-1.388489422595670142e+01,-1.386525501713111552e+01,-1.384428204349914537e+01,-1.382184604503772718e+01,-1.379779958420933106e+01,-1.377197337482815698e+01,-1.374417169267752037e+01,-1.371416660806437449e+01,-1.368169069399940874e+01,-1.364642774178902762e+01,-1.360800084148958256e+01,-1.356595693165244398e+01,-1.351974654989031777e+01,-1.346869695707780679e+01,-1.341197595551288124e+01,-1.334854239400864095e+01,-1.327707723859557554e+01,-1.319588563250953150e+01,-1.320353095342880678e+01,-1.323833281670110829e+01,-1.326763017076562257e+01,-1.329266000596510899e+01,-1.331431624692060112e+01,-1.333326042632570285e+01,-1.334999211165439092e+01,-1.336489520297812206e+01
-1.414137381747679001e+01,-1.413570969377734521e+01,-1.412980720521018796e+01,-1.412365146562218499e+01,-1.411722641826283642e+01,-1.411051473074944873e+01,-1.410349767977039370e+01,-1.409615502436701284e+01,-1.408846486644047502e+01,-1.408040349688236859e+01,-1.407194522541007586e+01,-1.406306219177645644e+01,-1.405372415548993992e+01,-1.404389826048689649e+01,-1.403354877029650005e+01,-1.402263676806859927e+01,-1.401111981432334552e+01,-1.399895155333493513e+01,-1.398608125656836343e+01,-1.397245328840862477e+01,-1.395800647538673189e+01,-1.394267335500591010e+01,-1.392637927384026675e+01,-1.390904129647777410e+01,-1.389056687666286827e+01,-1.387085222905448489e+01,-1.384978032350860389e+01,-1.382721840251784506e+01,-1.380301489465328046e+01,-1.377699556000687231e+01,-1.374895865396330663e+01,-1.371866882754589057e+01,-1.368584938771218162e+01,-1.365017240668242948e+01,-1.361124597635443401e+01,-1.356859762214212850e+01,-1.352165247288180616e+01,-1.346970415355326089e+01,-1.341187539972126963e+01,-1.334706387406788330e+01,-1.327386622606682387e+01,-1.319046941197900935e+01,-1.320812775111244974e+01,-1.324280423724424516e+01,-1.327195333969819124e+01,-1.329682774731894312e+01,-1.331833002584201431e+01,-1.333712634605864267e+01,-1.335371858952628088e+01,-1.336849160312858054e+01
-1.414625420379107723e+01,-1.414065366517663591e+01,-1.413481544155374259e+01,-1.412872451981061062e+01,-1.412236468980314541e+01,-1.411571843543293880e+01,-1.410876681501221519e+01,-1.410148932972793467e+01,-1.409386377882670693e+01,-1.408586609989916205e+01,-1.407747019232946251e+01,-1.406864772156891519e+01,-1.405936790136115633e+01,-1.404959725035018181e+01,-1.403929931859013358e+01,-1.402843437828169115e+01,-1.401695907150278053e+01,-1.400482600567880809e+01,-1.399198328492414944e+01,-1.397837396202833204e+01,-1.396393539156717090e+01,-1.394859845915810936e+01,-1.393228665495812280e+01,-1.391491495074952667e+01,-1.389638842888693304e+01,-1.387660059732897722e+01,-1.385543130703645076e+01,-1.383274416487853387e+01,-1.380838330495189226e+01,-1.378216934108535696e+01,-1.375389426911420010e+01,-1.372331501303353463e+01,-1.369014520499137433e+01,-1.365404464098945070e+01,-1.361460564018517694e+01,-1.357133522159970518e+01,-1.352363154343573548e+01,-1.347075233878927136e+01,-1.341177198048870700e+01,-1.334552206652294792e+01,-1.327050759579899974e+01,-1.318478610348713964e+01,-1.321281059058261320e+01,-1.324734971634076430e+01,-1.327634052597195158e+01,-1.330105126541742955e+01,-1.332239291833743344e+01,-1.334103605707049489e+01,-1.335748465365702309e+01,-1.337212430035357791e+01
-1.415119689552598459e+01,-1.414566243025492120e+01,-1.413989110196705212e+01,-1.413386777763079394e+01,-1.412757610041573741e+01,-1.412099837666676549e+01,-1.411411545166488679e+01,-1.410690657295230110e+01,-1.409934923981266408e+01,-1.409141903726001743e+01,-1.408308945258338163e+01,-1.407433167209431879e+01,-1.406511435519908737e+01,-1.405540338222332508e+01,-1.404516157149961231e+01,-1.403434836001659569e+01,-1.402291944033233229e+01,-1.401082634436155416e+01,-1.399801596191696262e+01,-1.398442997834568757e+01,-1.397000421104211654e+01,-1.395466781877633622e+01,-1.393834235032950630e+01,-1.392094058946308621e+01,-1.390236514123470890e+01,-1.388250668939397592e+01,-1.386124183505391372e+01,-1.383843040162139637e+01,-1.381391205801247679e+01,-1.378750206840565440e+01,-1.375898591759670175e+01,-1.372811247947094060e+01,-1.369458528166201283e+01,-1.365805125598964054e+01,-1.361808612679948638e+01,-1.357417523866912568e+01,-1.352568809838876085e+01,-1.347184410114843622e+01,-1.341166565562767055e+01,-1.334391292121497941e+01,-1.326699109759854878e+01,-1.317881569893466498e+01,-1.321758152843205103e+01,-1.325197067921177485e+01,-1.328079271835725805e+01,-1.330533126333418714e+01,-1.332650545671168807e+01,-1.334499000695975468e+01,-1.336129072961036357e+01,-1.337579374181720304e+01
-1.415620271461052226e+01,-1.415073687746272135e+01,-1.414503514968248510e+01,-1.413908228641009579e+01,-1.413286179198976455e+01,-1.412635580262090329e+01,-1.411954495724196157e+01,-1.411240825538185462e+01,-1.410492290053146647e+01,-1.409706412735645920e+01,-1.408880501077423020e+01,-1.408011625452760995e+01,-1.407096595637194802e+01,-1.406131934630581348e+01,-1.405113849335990572e+01,-1.404038197523671627e+01,-1.402900450346764494e+01,-1.401695649459899506e+01,-1.400418357507901668e+01,-1.399062600380052857e+01,-1.397621799142056354e+01,-1.396088688933672373e+01,-1.394455221318752258e+01,-1.392712445550543165e+01,-1.390850362910050642e+01,-1.388857746610804789e+01,-1.386721917631806456e+01,-1.384428464087948818e+01,-1.381960888148286415e+01,-1.379300159730554931e+01,-1.376424149726763169e+01,-1.373306906575737862e+01,-1.369917727409860220e+01,-1.366219956938866353e+01,-1.362169420848458579e+01,-1.357712361288402469e+01,-1.352782682760438426e+01,-1.347298225459486609e+01,-1.341155639708606273e+01,-1.334223204501752846e+01,-1.326330552449095990e+01,-1.318075781508792588e+01,-1.322244265320108880e+01,-1.325666854965122177e+01,-1.328531088818006900e+01,-1.330966842295086572e+01,-1.333066815682223805e+01,-1.334898863717973150e+01,-1.336513725032057209e+01,-1.337950039690542070e+01
-1.416127247802424094e+01,-1.415587788994155716e+01,-1.415024854245982411e+01,-1.414436908811260452e+01,-1.413822290152830341e+01,-1.413179195754004880e+01,-1.412505669691542387e+01,-1.411799587838889458e+01,-1.411058641550117798e+01,-1.410280319652514613e+01,-1.409461888546885788e+01,-1.408600370176793248e+01,-1.407692517577695845e+01,-1.406734787649643259e+01,-1.405723310706494544e+01,-1.404653856232388698e+01,-1.403521794111647125e+01,-1.402322050377720508e+01,-1.401049056232851875e+01,-1.399696688701139813e+01,-1.398258200766828097e+01,-1.396726138183912802e+01,-1.395092239281800595e+01,-1.393347312983952691e+01,-1.391481088837312541e+01,-1.389482031034279608e+01,-1.387337106078770610e+01,-1.385031490736502136e+01,-1.382548202971623397e+01,-1.379867633338480104e+01,-1.376966947206918412e+01,-1.373819318389672617e+01,-1.370392940879419719e+01,-1.366649745421299755e+01,-1.362543718296019435e+01,-1.358018675799069541e+01,-1.353005281087704859e+01,-1.347416986411150042e+01,-1.341144419518390407e+01,-1.334047466605422372e+01,-1.325943859998022667e+01,-1.318584594113962183e+01,-1.322739608159096392e+01,-1.326144474464412859e+01,-1.328989598409943973e+01,-1.331406340106394559e+01,-1.333488151624233176e+01,-1.335303238362504530e+01,-1.336902465917248506e+01,-1.338324476263361440e+01
-1.416640699695137684e+01,-1.416108634443998859e+01,-1.415553223123272630e+01,-1.414972921768424818e+01,-1.414366055916141462e+01,-1.413730807939709777e+01,-1.413065203078788912e+01,-1.412367094025484882e+01,-1.411634143911123296e+01,-1.410863807516300916e+01,-1.410053310498929946e+01,-1.409199626398546457e+01,-1.408299451126634416e+01,-1.407349174587290186e+01,-1.406344848983615492e+01,-1.405282153243990528e+01,-1.404156352837233435e+01,-1.402962254021467281e+01,-1.401694151269057187e+01,-1.400345766204849518e+01,-1.398910175856905980e+01,-1.397379727310501529e+01,-1.395745934931324683e+01,-1.393999355125328599e+01,-1.392129432058358063e+01,-1.390124305774137525e+01,-1.387970571596562230e+01,-1.385652976399914671e+01,-1.383154033011829398e+01,-1.380453528275103459e+01,-1.377527892516010866e+01,-1.374349387387632859e+01,-1.370885053778783735e+01,-1.367095339353779337e+01,-1.362932292600729411e+01,-1.358337161060685716e+01,-1.353237155956809801e+01,-1.347541027466007257e+01,-1.341132906389142398e+01,-1.333863559355071793e+01,-1.325537684916973724e+01,-1.319104619798578604e+01,-1.323244395382257466e+01,-1.326630066812033526e+01,-1.329454892622664275e+01,-1.331851682517762114e+01,-1.333914601252774723e+01,-1.335712167775449188e+01,-1.337295341401687487e+01,-1.338702737031736589e+01
-1.417160707599359348e+01,-1.416636311027460948e+01,-1.416088715878100857e+01,-1.415516370139799740e+01,-1.414917588612588162e+01,-1.414290539747089070e+01,-1.413633231103638899e+01,-1.412943493285637153e+01,-1.412218962184010707e+01,-1.411457059348481202e+01,-1.410654970274496200e+01,-1.409809620359835058e+01,-1.408917648238445253e+01,-1.407975376136139545e+01,-1.406978776806468723e+01,-1.405923436486114575e+01,-1.404804513144933864e+01,-1.403616689079876245e+01,-1.402354116592950994e+01,-1.401010355073949931e+01,-1.399578297244445935e+01,-1.398050081568105085e+01,-1.396416986841129138e+01,-1.394669303680859862e+01,-1.392796175949121817e+01,-1.390785402975173035e+01,-1.388623190640900340e+01,-1.386293835760645088e+01,-1.383779323439748055e+01,-1.381058810788848490e+01,-1.378107961822213490e+01,-1.374898086507736750e+01,-1.371395020077985905e+01,-1.367557654187644012e+01,-1.363335995057063066e+01,-1.358668568499006746e+01,-1.353478906369088186e+01,-1.347670714427457028e+01,-1.341121104741012715e+01,-1.333670917272775114e+01,-1.325110545100583792e+01,-1.319636187973285857e+01,-1.323758842800611113e+01,-1.327123770372831402e+01,-1.329927059952286683e+01,-1.332302928899316363e+01,-1.334346210167931446e+01,-1.336125694842054301e+01,-1.337692399235607787e+01,-1.339084879378551740e+01
-1.417687351246076233e+01,-1.417170904835691125e+01,-1.416631425845109504e+01,-1.416067355522264570e+01,-1.415476999273550796e+01,-1.414858512987151862e+01,-1.414209887894918616e+01,-1.413528933817683075e+01,-1.412813260621636324e+01,-1.412060257692673559e+01,-1.411267071209809743e+01,-1.410430578965571868e+01,-1.409547362437218787e+01,-1.408613675752764038e+01,-1.407625411113043157e+01,-1.406578060115688089e+01,-1.405466670265446361e+01,-1.404285795729888164e+01,-1.403029441086500384e+01,-1.401690996375888965e+01,-1.400263161187507244e+01,-1.398737854710349460e+01,-1.397106107621386428e+01,-1.395357930285160641e+01,-1.393482149906985335e+01,-1.391466206902748048e+01,-1.389295897665670410e+01,-1.386955046909231015e+01,-1.384425087530479281e+01,-1.381684518988738830e+01,-1.378708205779834195e+01,-1.375466464515057474e+01,-1.371923869490267833e+01,-1.368037679419722252e+01,-1.363755747327469869e+01,-1.359013713481698105e+01,-1.353731184528668940e+01,-1.347806448199373364e+01,-1.341109022838878850e+01,-1.333468923405800410e+01,-1.324660806836289773e+01,-1.320179636845496240e+01,-1.324283167336871792e+01,-1.327625720650045160e+01,-1.330406184641133116e+01,-1.332760134761987025e+01,-1.334783021692502913e+01,-1.336543862462271370e+01,-1.338093689799237218e+01,-1.339470965947701053e+01
-1.418220709576105421e+01,-1.417712501030965555e+01,-1.417181445295026521e+01,-1.416625978324239377e+01,-1.416044397637030627e+01,-1.415434848104181853e+01,-1.414795306188323387e+01,-1.414123562466806661e+01,-1.413417202254270855e+01,-1.412673584120743797e+01,-1.411889816076201321e+01,-1.411062729160984830e+01,-1.410188848140005824e+01,-1.409264358942383488e+01,-1.408285072409921668e+01,-1.407246383807509815e+01,-1.406143227391960338e+01,-1.404970025113608223e+01,-1.403720628211178756e+01,-1.402388250020883476e+01,-1.400965387711410948e+01,-1.399443729821939364e+01,-1.397814045351382006e+01,-1.396066048638656198e+01,-1.394188232280786544e+01,-1.392167657726143304e+01,-1.389989689782261451e+01,-1.387637656855685897e+01,-1.385092412952350038e+01,-1.382331769788154396e+01,-1.379329756965947062e+01,-1.376055653744919560e+01,-1.372472715328002124e+01,-1.368536486369512772e+01,-1.364192548944883399e+01,-1.359373482302489755e+01,-1.353994701908099607e+01,-1.347948669147791456e+01,-1.341096673819710716e+01,-1.333256903611444599e+01,-1.324186665202122626e+01,-1.320735313184301774e+01,-1.324817586216716769e+01,-1.328136049326745294e+01,-1.330892345854034708e+01,-1.333223351255307776e+01,-1.335225076798695376e+01,-1.336966713946136665e+01,-1.338499266950342736e+01,-1.339861065883975755e+01
-1.418760860691398840e+01,-1.418261183769901024e+01,-1.417738865324369790e+01,-1.417192337615875530e+01,-1.416619891951807020e+01,-1.416019663926966921e+01,-1.415389617017677359e+01,-1.414727524349491716e+01,-1.414030948441133440e+01,-1.413297218706724756e+01,-1.412523406474095111e+01,-1.411706297246954378e+01,-1.410842359899918463e+01,-1.409927712443099246e+01,-1.408958083920095383e+01,-1.407928771899461218e+01,-1.406834594870274913e+01,-1.405669838636568336e+01,-1.404428195494789833e+01,-1.403102694535186679e+01,-1.401685620782392228e+01,-1.400168420018993665e+01,-1.398541584938682725e+01,-1.396794516654079743e+01,-1.394915353417232140e+01,-1.392890755547521309e+01,-1.390705631809615994e+01,-1.388342787583363780e+01,-1.385782468745068208e+01,-1.383001766666930621e+01,-1.379973838235954808e+01,-1.376666878830112672e+01,-1.373042763370622232e+01,-1.369055236964177702e+01,-1.364647485794194282e+01,-1.359748840094456490e+01,-1.354270236158619234e+01,-1.348097862132709324e+01,-1.341084076979762330e+01,-1.333034120113163112e+01,-1.323686121376440639e+01,-1.321303571982023151e+01,-1.325362316009139896e+01,-1.328654883166547940e+01,-1.331385616763761526e+01,-1.333692624649290437e+01,-1.335672414105202499e+01,-1.337394293564473813e+01,-1.338909189099963193e+01,-1.340255256354476465e+01
-1.419307881821202599e+01,-1.418817036141146026e+01,-1.418303775758669083e+01,-1.417766530991043439e+01,-1.417203588790697033e+01,-1.416613077425204992e+01,-1.415992949405923618e+01,-1.415340962470421715e+01,-1.414654658404900545e+01,-1.413931339471740678e+01,-1.413168042183245277e+01,-1.412361508133869314e+01,-1.411508151567022651e+01,-1.410604023304462373e+01,-1.409644770599567565e+01,-1.408625592380042768e+01,-1.407541189205664800e+01,-1.406385707060699630e+01,-1.405152673797958052e+01,-1.403834926610286615e+01,-1.402424528269701653e+01,-1.400912668971773556e+01,-1.399289549360846863e+01,-1.397544238575324371e+01,-1.395664498800232067e+01,-1.393636564672766731e+01,-1.391444861736930605e+01,-1.389071642697120090e+01,-1.386496513070200187e+01,-1.383695808364159241e+01,-1.380641772133999368e+01,-1.377301466563148935e+01,-1.373635321901771356e+01,-1.369595193687036705e+01,-1.365121739722708405e+01,-1.360140839816270386e+01,-1.354558639002729059e+01,-1.348254562332706818e+01,-1.341071259390998627e+01,-1.332799764228361994e+01,-1.323156956279668783e+01,-1.321884775995795103e+01,-1.325917571494221470e+01,-1.329182342756584667e+01,-1.331886063540411769e+01,-1.334167995811567309e+01,-1.336125069973620505e+01,-1.337826647299902838e+01,-1.339323520573179493e+01,-1.340653624414603939e+01
-1.419861849305838675e+01,-1.419380140120717471e+01,-1.418876265072800535e+01,-1.418348654445148505e+01,-1.417795592877361699e+01,-1.417215203475888430e+01,-1.416605430060903359e+01,-1.415964017336970215e+01,-1.415288488754194063e+01,-1.414576121804439346e+01,-1.413823920472725781e+01,-1.413028584535874899e+01,-1.412186475366478078e+01,-1.411293577856449133e+01,-1.410345458014324649e+01,-1.409337215704123736e+01,-1.408263431865582582e+01,-1.407118109363329417e+01,-1.405894606323338536e+01,-1.404585560383058152e+01,-1.403182801644464917e+01,-1.401677251194151630e+01,-1.400058800734452191e+01,-1.398316167019955181e+01,-1.396436712248513956e+01,-1.394406218111867979e+01,-1.392208596616846705e+01,-1.389825514719778177e+01,-1.387235901826751139e+01,-1.384415298631270552e+01,-1.381334991517793576e+01,-1.377960857072574896e+01,-1.374251813102205766e+01,-1.370157730873590118e+01,-1.365616599455830560e+01,-1.360550632480068423e+01,-1.354860845271855396e+01,-1.348419362011024170e+01,-1.341058257936253995e+01,-1.332552948155401751e+01,-1.322596699839706424e+01,-1.322479295151479128e+01,-1.326483564334461640e+01,-1.329718541074436899e+01,-1.332393744241012890e+01,-1.334649499696200081e+01,-1.336583078742343744e+01,-1.338263823855638535e+01,-1.339742333326125667e+01,-1.341056269296239378e+01
-1.420422838601074922e+01,-1.419950576548424159e+01,-1.419456420332385349e+01,-1.418938802273253152e+01,-1.418396006931672737e+01,-1.417826154645197967e+01,-1.417227183081896591e+01,-1.416596826577559831e+01,-1.415932593000376016e+01,-1.415231737862944961e+01,-1.414491235375892764e+01,-1.413707746109237284e+01,-1.412877580895253793e+01,-1.411996660566651407e+01,-1.411060471070646116e+01,-1.410064013423574814e+01,-1.409001747857000986e+01,-1.407867531331773669e+01,-1.406654547326886551e+01,-1.405355226395795221e+01,-1.403961155354846468e+01,-1.402462972032711619e+01,-1.400850241142516239e+01,-1.399111304881731677e+01,-1.397233099122291478e+01,-1.395200922284545086e+01,-1.392998138900163241e+01,-1.390605793091708087e+01,-1.388002098234768589e+01,-1.385161757194892651e+01,-1.382055051585903271e+01,-1.378646616526462410e+01,-1.374893786020970587e+01,-1.370744347573575794e+01,-1.366133473025626444e+01,-1.360979478818842203e+01,-1.355177883281865903e+01,-1.348592918403785035e+01,-1.341045121879039570e+01,-1.332292695693726792e+01,-1.322002595010839165e+01,-1.323087505791687946e+01,-1.327060501523753011e+01,-1.330263581859718869e+01,-1.332908707597849052e+01,-1.335137164867594706e+01,-1.337046473148142844e+01,-1.338705875995612082e+01,-1.340165709108643810e+01,-1.341463305213773261e+01
-1.420990924306225445e+01,-1.420528425129053396e+01,-1.420044327160525910e+01,-1.419537066993442842e+01,-1.419004931539268988e+01,-1.418446040992218826e+01,-1.417858329683871688e+01,-1.417239524571353115e+01,-1.416587121076427813e+01,-1.415898355966100830e+01,-1.415170176937526492e+01,-1.414399208540760888e+01,-1.413581714041092852e+01,-1.412713552785832150e+01,-1.411790132593806923e+01,-1.410806356620902768e+01,-1.409756564057616401e+01,-1.408634463861877073e+01,-1.407433060487081633e+01,-1.406144570178733311e+01,-1.404760325807401422e+01,-1.403270667275186590e+01,-1.401664813134966714e+01,-1.399930707010889464e+01,-1.398054829470892280e+01,-1.396021961890365759e+01,-1.393814883212417577e+01,-1.391413972926774001e+01,-1.388796683500088847e+01,-1.385936832101904592e+01,-1.382803643529799231e+01,-1.379360451618182992e+01,-1.375562931391945654e+01,-1.371356682239961877e+01,-1.366673901957705617e+01,-1.361428762625876665e+01,-1.355510886774925261e+01,-1.348775962950765894e+01,-1.341031916118813427e+01,-1.332017931757010665e+01,-1.321371555470466497e+01,-1.323709789750390442e+01,-1.327648583586466380e+01,-1.330817557770362036e+01,-1.333430991707470348e+01,-1.335631013092438657e+01,-1.337515285001450849e+01,-1.339152862310240799e+01,-1.340593742185081005e+01,-1.341874864806118062e+01
-1.421566180219264375e+01,-1.421113764462235451e+01,-1.420640069734503541e+01,-1.420143539300824465e+01,-1.419622465051523896e+01,-1.419074969901575223e+01,-1.418498987947419288e+01,-1.417892242098054290e+01,-1.417252218867322533e+01,-1.416576139983710014e+01,-1.415860930442690169e+01,-1.415103182594848441e+01,-1.414299115830323039e+01,-1.413444531385020753e+01,-1.412534761753112100e+01,-1.411564614136392137e+01,-1.410528307281462368e+01,-1.409419400928476662e+01,-1.408230716885093869e+01,-1.406954250391410710e+01,-1.405581069874094524e+01,-1.404101202282925875e+01,-1.402503499797353825e+01,-1.400775481566987679e+01,-1.398903141028942265e+01,-1.396870704880282155e+01,-1.394660323556625237e+01,-1.392251664572740566e+01,-1.389621368682908020e+01,-1.386742313645232372e+01,-1.383582610074426711e+01,-1.380104226141657264e+01,-1.376261098618618206e+01,-1.371996529558332512e+01,-1.367239577507666404e+01,-1.361900006039593336e+01,-1.355861108698586648e+01,-1.348969312138455123e+01,-1.341018725328886596e+01,-1.331727470525665957e+01,-1.320700115654709883e+01,-1.324346533239133095e+01,-1.328248002498292912e+01,-1.331380548303700984e+01,-1.333960622627383508e+01,-1.336131059045352210e+01,-1.337989546202276259e+01,-1.339604849529131592e+01,-1.341026542755188267e+01,-1.342291103360802396e+01
-1.422148679422377882e+01,-1.421706672105093361e+01,-1.421243730817329975e+01,-1.420758308057957819e+01,-1.420248703522732470e+01,-1.419713045952884123e+01,-1.419149272603398515e+01,-1.418555106017966061e+01,-1.417928027763039012e+01,-1.417265248737665928e+01,-1.416563675639456754e+01,-1.415819873130892148e+01,-1.415030021214625222e+01,-1.414189867291132074e+01,-1.413294672335061009e+01,-1.412339150582758940e+01,-1.411317402062043946e+01,-1.410222837196567447e+01,-1.409048092546924202e+01,-1.407784936453339419e+01,-1.406424162833569724e+01,-1.404955470535336914e+01,-1.403367324260133842e+01,-1.401646790911033058e+01,-1.399779341937666821e+01,-1.397748607436528268e+01,-1.395536060903016207e+01,-1.393120604013520669e+01,-1.390478007900595436e+01,-1.387580150098285614e+01,-1.384393963221089940e+01,-1.380879980028241683e+01,-1.376990315320337821e+01,-1.372665859796102339e+01,-1.367832359294247269e+01,-1.362394887095335250e+01,-1.356229937143206321e+01,-1.349173880286535443e+01,-1.341005659235989533e+01,-1.331420002073313746e+01,-1.320021601787239263e+01,-1.324998125535633164e+01,-1.328858939301064801e+01,-1.331952617463488941e+01,-1.334497612894643481e+01,-1.336637310191154882e+01,-1.338469290211296858e+01,-1.340061915537188320e+01,-1.341464241254801948e+01,-1.342712204001126963e+01
-1.422738494401445486e+01,-1.422307224671933312e+01,-1.421855391829313398e+01,-1.421381460327918944e+01,-1.420883740691890829e+01,-1.420360370835707542e+01,-1.419809294862397842e+01,-1.419228238993878932e+01,-1.418614684247219593e+01,-1.417965835428231536e+01,-1.417278585970624860e+01,-1.416549478106261262e+01,-1.415774657811054560e+01,-1.414949823932800932e+01,-1.414070170871435828e+01,-1.413130324146202810e+01,-1.412124268140217076e+01,-1.411045265244359470e+01,-1.409885765498030530e+01,-1.408637305589532573e+01,-1.407290395644335490e+01,-1.405834391455922550e+01,-1.404257348494446589e+01,-1.402545851869549765e+01,-1.400684813028562026e+01,-1.398657218827853654e+01,-1.396443811092914622e+01,-1.394022664131707856e+01,-1.391368612999070464e+01,-1.388452465518141921e+01,-1.385239904566898872e+01,-1.381689951299075325e+01,-1.377752809923268273e+01,-1.373366841134890848e+01,-1.368454296745316512e+01,-1.362915259922402456e+01,-1.356618913817714223e+01,-1.349390694685361680e+01,-1.340992859383496949e+01,-1.331094077294068256e+01,-1.320730311214437513e+01,-1.325664957476210049e+01,-1.329481561386635136e+01,-1.332533811156445402e+01,-1.335041959990729410e+01,-1.337149766929873351e+01,-1.338954554127518826e+01,-1.340524153296778387e+01,-1.341906993764425238e+01,-1.343138384060872426e+01
-1.423335697202986339e+01,-1.422915497975342447e+01,-1.422475132964984645e+01,-1.422013081456499606e+01,-1.421527668016937795e+01,-1.421017043319425710e+01,-1.420479162300156339e+01,-1.419911759267802154e+01,-1.419312319536421185e+01,-1.418678047102264372e+01,-1.418005827832777754e+01,-1.417292187584185825e+01,-1.416533244614493370e+01,-1.415724655613803584e+01,-1.414861554635417207e+01,-1.413938484179277566e+01,-1.412949317650114978e+01,-1.411887172373993415e+01,-1.410744312282537116e+01,-1.409512039213155354e+01,-1.408180571437219797e+01,-1.406738907370128011e+01,-1.405174671210242465e+01,-1.403473935162467434e+01,-1.401621009457305611e+01,-1.399598185954340224e+01,-1.397385412936406013e+01,-1.394959866818702210e+01,-1.392295369824122986e+01,-1.389361579911533617e+01,-1.386122848647633354e+01,-1.382536601489832151e+01,-1.378551037895431186e+01,-1.374101865557692825e+01,-1.369107653859142815e+01,-1.363463178031519796e+01,-1.357029755512311908e+01,-1.349620913587182791e+01,-1.340980507832169621e+01,-1.330748090957170859e+01,-1.321459794021839862e+01,-1.326347419772060121e+01,-1.330116019431320140e+01,-1.333124154306423570e+01,-1.335593644791178392e+01,-1.337668423122035932e+01,-1.339445381573218086e+01,-1.340991675939532435e+01,-1.342354988816329175e+01,-1.343569902925333182e+01
-1.423940359632084274e+01,-1.423531567213092686e+01,-1.423103033360865410e+01,-1.422653255210320467e+01,-1.422180574769750550e+01,-1.421683159288112996e+01,-1.421158978811089924e+01,-1.420605780506982008e+01,-1.420021059286876763e+01,-1.419402024182850930e+01,-1.418745559884547092e+01,-1.418048182770336396e+01,-1.417305990707312802e+01,-1.416514605838167462e+01,-1.415669109526577429e+01,-1.414763968599455701e+01,-1.413792952004902048e+01,-1.412749036993023743e+01,-1.411624303903643174e+01,-1.410409818566903617e+01,-1.409095501105798043e+01,-1.407669979425493523e+01,-1.406120424639299493e+01,-1.404432363738578360e+01,-1.402589461414422800e+01,-1.400573257327072696e+01,-1.398362836317212832e+01,-1.395934395871043066e+01,-1.393260656209422876e+01,-1.390310032091070447e+01,-1.387045449837380495e+01,-1.383422645235647153e+01,-1.379387712377051756e+01,-1.374873579004747093e+01,-1.369794937893278330e+01,-1.364040921216835400e+01,-1.357464379075205052e+01,-1.349865847672092478e+01,-1.340968838403841445e+01,-1.330380262727882901e+01,-1.322210879606233114e+01,-1.327045901200177092e+01,-1.330762443974341025e+01,-1.333723647681473068e+01,-1.336152630057795676e+01,-1.338193267154550981e+01,-1.339941826653513601e+01,-1.341464623372358567e+01,-1.342808455971713677e+01,-1.344007071685043364e+01
-1.424552553494724272e+01,-1.424155507205216331e+01,-1.423739171319587982e+01,-1.423302063977771859e+01,-1.422842548200527979e+01,-1.422358811851076155e+01,-1.421848844642954823e+01,-1.421310411734983603e+01,-1.420741023387630264e+01,-1.420137900082532312e+01,-1.419497932429654341e+01,-1.418817635106790576e+01,-1.418093093997304521e+01,-1.417319905618893472e+01,-1.416493107874983437e+01,-1.415607101117925914e+01,-1.414655558495479504e+01,-1.413631324560645020e+01,-1.412526301150281327e+01,-1.411331319547970153e+01,-1.410035997867879409e+01,-1.408628582285929376e+01,-1.407095769949772013e+01,-1.405422509706530931e+01,-1.403591773563951151e+01,-1.401584286138654711e+01,-1.399378190027099222e+01,-1.396948610537555702e+01,-1.394267061764362658e+01,-1.391300605577493776e+01,-1.388010633439703057e+01,-1.384351084870256265e+01,-1.380265840157987078e+01,-1.375684916702238070e+01,-1.370518932736502649e+01,-1.364651026690144242e+01,-1.357924930518443851e+01,-1.350126985755924203e+01,-1.340958151279843591e+01,-1.329988616026514414e+01,-1.322984437331838059e+01,-1.327760786769564660e+01,-1.331420941653929013e+01,-1.334332264439771443e+01,-1.336718859057582698e+01,-1.338724283765951029e+01,-1.340443959348702485e+01,-1.341943170850673894e+01,-1.343267676644629915e+01,-1.344450265032514835e+01
-1.425172350887814154e+01,-1.424787392685499299e+01,-1.424383624595826525e+01,-1.423959589039749041e+01,-1.423513673780365352e+01,-1.423044091540122658e+01,-1.422548856526445604e+01,-1.422025757364847465e+01,-1.421472325860760755e+01,-1.420885800925013065e+01,-1.420263086904100902e+01,-1.419600705457292023e+01,-1.418894740021854872e+01,-1.418140771811115286e+01,-1.417333806205660984e+01,-1.416468188336285294e+01,-1.415537506629976505e+01,-1.414534483107778762e+01,-1.413450849288626721e+01,-1.412277206650150063e+01,-1.411002870670459508e+01,-1.409615697396191081e+01,-1.408101891002074701e+01,-1.406445789486306452e+01,-1.404629622770454667e+01,-1.402633231966356320e+01,-1.400433728928222266e+01,-1.398005059472247602e+01,-1.395317409481373616e+01,-1.392336357919188927e+01,-1.389021631720689776e+01,-1.385325251104446131e+01,-1.381188764221605680e+01,-1.376539144827377470e+01,-1.371282737910792804e+01,-1.365296325177420655e+01,-1.358413818963211028e+01,-1.350406025686782741e+01,-1.340948832048229988e+01,-1.329570954662835902e+01,-1.323781380573166722e+01,-1.328492456042813963e+01,-1.332091591147315057e+01,-1.334949946415355626e+01,-1.337292254428077243e+01,-1.339261456930601568e+01,-1.340951872822480517e+01,-1.342427540118170981e+01,-1.343732997786442063e+01,-1.344899935935923629e+01
-1.425799824539940097e+01,-1.425427298651415242e+01,-1.425036470749317807e+01,-1.424625910917034233e+01,-1.424194035530866920e+01,-1.423739086604868476e+01,-1.423259107914057431e+01,-1.422751917352325535e+01,-1.422215074891081166e+01,-1.421645845402804476e+01,-1.421041155500674869e+01,-1.420397543423092301e+01,-1.419711100863765196e+01,-1.418977405520392843e+01,-1.418191443017413356e+01,-1.417347516764515802e+01,-1.416439144260366234e+01,-1.415458938360464991e+01,-1.414398472117102479e+01,-1.413248125972806335e+01,-1.411996916317361439e+01,-1.410632304602739673e+01,-1.409139986120652743e+01,-1.407503656737195641e+01,-1.405704753567074228e+01,-1.403722160505593131e+01,-1.401531859875472819e+01,-1.399106494688329505e+01,-1.396414779072715007e+01,-1.393420653789352492e+01,-1.390082025759895856e+01,-1.386348851115150538e+01,-1.382160214434319911e+01,-1.377439910033877091e+01,-1.372089814414816189e+01,-1.365979982846066498e+01,-1.358933756232596757e+01,-1.350704911594195856e+01,-1.340941376681622188e+01,-1.329124837297971773e+01,-1.324602672365906564e+01,-1.329241281918629802e+01,-1.332774438911542880e+01,-1.335576600184324114e+01,-1.337872717456655813e+01,-1.339804774214385574e+01,-1.341465693303305429e+01,-1.342918013911506137e+01,-1.344204849223601350e+01,-1.345356633750327902e+01
-1.426435048205580713e+01,-1.426075300776204990e+01,-1.425697787569933084e+01,-1.425301109800928501e+01,-1.424883716449480886e+01,-1.424443883417412771e+01,-1.423979689342861477e+01,-1.423488987487941948e+01,-1.422969373009067162e+01,-1.422418144800582418e+01,-1.421832260967562789e+01,-1.421208286834069234e+01,-1.420542334231859272e+01,-1.419829990647589923e+01,-1.419066236644335710e+01,-1.418245349832110769e+01,-1.417360793565238097e+01,-1.416405088522276401e+01,-1.415369665411517097e+01,-1.414244697272308393e+01,-1.413018910216268686e+01,-1.411679371917020021e+01,-1.410211257526580297e+01,-1.408597592546555965e+01,-1.406818970693184845e+01,-1.404853240552802873e+01,-1.402675145610558616e+01,-1.400255884880747992e+01,-1.397562531767585270e+01,-1.394557202161978715e+01,-1.391195794119880347e+01,-1.387426025707925170e+01,-1.383184368446262269e+01,-1.378391298872010751e+01,-1.372944038998814698e+01,-1.366705550108949296e+01,-1.359487802990987859e+01,-1.351025878912225586e+01,-1.340936424461966148e+01,-1.328647549974581565e+01,-1.325449333541651775e+01,-1.330007630378377748e+01,-1.333469494899104646e+01,-1.336212092976317756e+01,-1.338460128005664984e+01,-1.340354233174581289e+01,-1.341985593442057301e+01,-1.343414954901390423e+01,-1.344683765675346443e+01,-1.345821026579297097e+01
-1.427078097115095723e+01,-1.426731475886369083e+01,-1.426367653579324291e+01,-1.425985266073287328e+01,-1.425582799038846105e+01,-1.425158566997431109e+01,-1.424710688935782521e+01,-1.424237059846982056e+01,-1.423735317451744642e+01,-1.423202803215911594e+01,-1.422636516621101066e+01,-1.422033061464975923e+01,-1.421388582767308151e+01,-1.420698692643038719e+01,-1.419958383284071957e+01,-1.419161924985282752e+01,-1.418302746984842599e+01,-1.417373298804511528e+01,-1.416364889824483342e+01,-1.415267505069909681e+01,-1.414069595674029323e+01,-1.412757843222052578e+01,-1.411316898058032443e+01,-1.409729092294377750e+01,-1.407974127892071614e+01,-1.406028737240051640e+01,-1.403866305552596572e+01,-1.401456427164297658e+01,-1.398764336018492216e+01,-1.395750097725115246e+01,-1.392367369435585189e+01,-1.388561417617722071e+01,-1.384265925526085006e+01,-1.379397909871061501e+01,-1.373849769021540190e+01,-1.367477018594926008e+01,-1.360079422398576909e+01,-1.351371508891570272e+01,-1.340934801607280846e+01,-1.328136077251978087e+01,-1.326322454704423670e+01,-1.330791862010250348e+01,-1.334176728537304157e+01,-1.336856248522349233e+01,-1.339054345402096935e+01,-1.340909850608209197e+01,-1.342511810401495431e+01,-1.343918830519229068e+01,-1.345170414782587542e+01,-1.346293928878094093e+01
-1.427729048482312812e+01,-1.427395902507273284e+01,-1.427046148613046483e+01,-1.426678460921479008e+01,-1.426291365947817802e+01,-1.425883221668187950e+01,-1.425452193055592076e+01,-1.424996223416409435e+01,-1.424513000726716960e+01,-1.423999918010325061e+01,-1.423454026615344148e+01,-1.422871981031308586e+01,-1.422249973644088783e+01,-1.421583657554136337e+01,-1.420868055293567878e+01,-1.420097450986599696e+01,-1.419265263235975105e+01,-1.418363895833168442e+01,-1.417384563351767390e+01,-1.416317088883591779e+01,-1.415149671720655000e+01,-1.413868623759918108e+01,-1.412458074807893382e+01,-1.410899648550820018e+01,-1.409172112013072464e+01,-1.407251000268120400e+01,-1.405108212043438165e+01,-1.402711555832535417e+01,-1.400024193135318384e+01,-1.397003866408948980e+01,-1.393601704056666613e+01,-1.389760253479466456e+01,-1.385410196936685168e+01,-1.380464942120271310e+01,-1.374811920899964868e+01,-1.368298887939093511e+01,-1.360712542274686143e+01,-1.351744794629036583e+01,-1.340937579377887090e+01,-1.327587072928699641e+01,-1.327223214164414244e+01,-1.331594336613909135e+01,-1.334896065428591960e+01,-1.337508842952036936e+01,-1.339655210729344503e+01,-1.341471675795388308e+01,-1.343044670445901723e+01,-1.344430245644406696e+01,-1.345665632873455486e+01,-1.346776335488868881e+01
-1.428387982070941575e+01,-1.428068661478903678e+01,-1.427733354486298722e+01,-1.427380777052933958e+01,-1.427009500730919633e+01,-1.426617931853033028e+01,-1.426204287124952153e+01,-1.425766564917077517e+01,-1.425302511404272998e+01,-1.424809580524261676e+01,-1.424284886512928061e+01,-1.423725147523030010e+01,-1.423126618538700328e+01,-1.422485011461527016e+01,-1.421795399870108056e+01,-1.421052105558527323e+01,-1.420248563569708899e+01,-1.419377162109373991e+01,-1.418429053538833884e+01,-1.417393932723177841e+01,-1.416259779518722262e+01,-1.415012563304643223e+01,-1.413635909341726205e+01,-1.412110729330672321e+01,-1.410414821320719625e+01,-1.408522445594920036e+01,-1.406403880149122010e+01,-1.404024946145489494e+01,-1.401346461225465134e+01,-1.398323514405231371e+01,-1.394904345759359998e+01,-1.391028442496744866e+01,-1.386623217628541838e+01,-1.381598305752220845e+01,-1.375836066521908130e+01,-1.369176244640094886e+01,-1.361391626715729863e+01,-1.352149220933585561e+01,-1.340946151853763979e+01,-1.326996831979349878e+01,-1.328152905145593898e+01,-1.332415422962584017e+01,-1.335627385471466688e+01,-1.338169600856832098e+01,-1.340262551125591983e+01,-1.342039809403474138e+01,-1.343584622558095987e+01,-1.344949985863588537e+01,-1.346170470694034016e+01,-1.347269463503005049e+01
-1.429054980820361997e+01,-1.428749836642994353e+01,-1.428429355745492302e+01,-1.428092299512884367e+01,-1.427737288731782250e+01,-1.427362783020653936e+01,-1.426967056624518015e+01,-1.426548169838312496e+01,-1.426103935161509639e+01,-1.425631877088929222e+01,-1.425129184202313581e+01,-1.424592651936841037e+01,-1.424018614049651887e+01,-1.423402860408918791e+01,-1.422740538251945708e+01,-1.422026033538235978e+01,-1.421252828473503271e+01,-1.420413330754517567e+01,-1.419498669674203306e+01,-1.418498454080411975e+01,-1.417400487521535268e+01,-1.416190437032155103e+01,-1.414851454239996009e+01,-1.413363751039458371e+01,-1.411704136795543008e+01,-1.409845528725255015e+01,-1.407756448567355179e+01,-1.405400510365957700e+01,-1.402735874891357248e+01,-1.399714579214206012e+01,-1.396281524143694064e+01,-1.392372695273696870e+01,-1.387911885529196709e+01,-1.382804762036177060e+01,-1.376928554193581178e+01,-1.370114856283774607e+01,-1.362121757967334901e+01,-1.352588860525870018e+01,-1.340962340524136032e+01,-1.326361266212879997e+01,-1.329112977508824756e+01,-1.333255517031813397e+01,-1.336370523443504332e+01,-1.338838191592130045e+01,-1.340876186938987225e+01,-1.342614430528395530e+01,-1.344132284751694684e+01,-1.345479075046244333e+01,-1.346686251958492342e+01,-1.347774803519543951e+01
-1.429730131530575576e+01,-1.429439515601842281e+01,-1.429134240506760278e+01,-1.428813116607611988e+01,-1.428474818094625931e+01,-1.428117862785647496e+01,-1.427740588279206690e+01,-1.427341123699955716e+01,-1.426917356100454626e+01,-1.426466890366537577e+01,-1.425987001205676918e+01,-1.425474575468399685e+01,-1.424926042650647062e+01,-1.424337290939439882e+01,-1.423703565587660336e+01,-1.423019345736283370e+01,-1.422278195059336880e+01,-1.421472580831600396e+01,-1.420593655301938796e+01,-1.419630992760436072e+01,-1.418572275685826689e+01,-1.417402924257507912e+01,-1.416105665854548867e+01,-1.414660045527199905e+01,-1.413041885148643040e+01,-1.411222707443592483e+01,-1.409169148553116990e+01,-1.406842382254000512e+01,-1.404197556830616200e+01,-1.401183179910956333e+01,-1.397740247426786908e+01,-1.393800666456142956e+01,-1.389284136526435631e+01,-1.384092104146181867e+01,-1.378096664323760123e+01,-1.371121286409484696e+01,-1.362908729118287887e+01,-1.353068488953681658e+01,-1.340988535498569512e+01,-1.325675887253706797e+01,-1.330105102353068602e+01,-1.334115073980288280e+01,-1.337125273558700833e+01,-1.339514225745998210e+01,-1.341495942975403288e+01,-1.343195835654204728e+01,-1.344688508486802014e+01,-1.346018852425125978e+01,-1.347214648315371655e+01,-1.348294181937928826e+01
-1.430413525605272618e+01,-1.430137790548100440e+01,-1.429848101381289105e+01,-1.429543320934016393e+01,-1.429222180906055151e+01,-1.428883262168863233e+01,-1.428524971440306501e+01,-1.428145513554203738e+01,-1.427742858359209954e+01,-1.427314701047373191e+01,-1.426858414419134391e+01,-1.426370991224394125e+01,-1.425848974262149937e+01,-1.425288371356286987e+01,-1.424684551635113650e+01,-1.424032118714496065e+01,-1.423324755418926912e+01,-1.422555033597810414e+01,-1.421714181481794093e+01,-1.420791800038283625e+01,-1.419775519227136051e+01,-1.418650585430914646e+01,-1.417399373402967377e+01,-1.416000820852615227e+01,-1.414429792311000789e+01,-1.412656391581716342e+01,-1.410645257081310078e+01,-1.408354884981527100e+01,-1.405737015701716963e+01,-1.402736061760881192e+01,-1.399288407595579820e+01,-1.395321124371620591e+01,-1.390749165200748116e+01,-1.385469394453767755e+01,-1.379348816087955498e+01,-1.372203039156869409e+01,-1.363759148018892198e+01,-1.353593719864316824e+01,-1.341027886755087728e+01,-1.325580713926326482e+01,-1.331131272981081004e+01,-1.334994662365884643e+01,-1.337891400138471631e+01,-1.340197251358822506e+01,-1.342121665730936009e+01,-1.343784495476087137e+01,-1.345254469285646515e+01,-1.346571076368231346e+01,-1.347757775130627600e+01,-1.348829835749738315e+01
-1.431105259851064737e+01,-1.430844759163732149e+01,-1.430571036485966729e+01,-1.430283010514627762e+01,-1.429979474467357292e+01,-1.429659077019448965e+01,-1.429320299668073346e+01,-1.428961429736029132e+01,-1.428580528031054975e+01,-1.428175389927696060e+01,-1.427743498322348081e+01,-1.427281966510198430e+01,-1.426787468523324875e+01,-1.426256153826043871e+01,-1.425683542457768560e+01,-1.425064395716188947e+01,-1.424392556262673359e+01,-1.423660750106331996e+01,-1.422860341328474831e+01,-1.421981028781155310e+01,-1.421010472630035260e+01,-1.419933838078350696e+01,-1.418733244869676824e+01,-1.417387115696293343e+01,-1.415869426363044425e+01,-1.414148877294818618e+01,-1.412188029783786369e+01,-1.409942475961852359e+01,-1.407360122274529424e+01,-1.404380627280634286e+01,-1.400934888808012957e+01,-1.396944149080652764e+01,-1.392317702909755184e+01,-1.386947280706337793e+01,-1.380694851375127818e+01,-1.373368750546425687e+01,-1.364680553292677523e+01,-1.354171160308549560e+01,-1.341084563619385506e+01,-1.326844464462356932e+01,-1.332193964235870887e+01,-1.335895054304985763e+01,-1.338668657337762191e+01,-1.340886748774396686e+01,-1.342753249713760688e+01,-1.344381139227288102e+01,-1.345831795832611277e+01,-1.347138064723373319e+01,-1.348318313187414397e+01,-1.349384500631859751e+01
-1.431805437330012865e+01,-1.431560525585122079e+01,-1.431303150536371049e+01,-1.431032290035317800e+01,-1.430746802695167474e+01,-1.430445409597634843e+01,-1.430126672515890540e+01,-1.429788967866604565e+01,-1.429430455401235456e+01,-1.429049040386341574e+01,-1.428642327687721725e+01,-1.428207565741581142e+01,-1.427741577839551290e+01,-1.427240677438312311e+01,-1.426700563286373402e+01,-1.426116188991904288e+01,-1.425481600186655484e+01,-1.424789730632514129e+01,-1.424032146464775472e+01,-1.423198725348374971e+01,-1.422277254888303943e+01,-1.421252932745802866e+01,-1.420107750663248858e+01,-1.418819747897250672e+01,-1.417362129325601039e+01,-1.415702263448063469e+01,-1.413800608648780610e+01,-1.411609660480403328e+01,-1.409073052944044591e+01,-1.406124941580558207e+01,-1.402689668899553155e+01,-1.398681356024759026e+01,-1.394002364657960769e+01,-1.388538421503274911e+01,-1.382146438859233584e+01,-1.374628458852554402e+01,-1.365681546103221322e+01,-1.354808581543494128e+01,-1.341164106825565128e+01,-1.328174881175793054e+01,-1.333296386551861623e+01,-1.336817373914020735e+01,-1.339456821851291046e+01,-1.341582121689739182e+01,-1.343390678363359214e+01,-1.344986882625631708e+01,-1.346422756382066055e+01,-1.347722885070893639e+01,-1.348899661606943212e+01,-1.349961511579955875e+01
-1.432514168261599607e+01,-1.432285201430121369e+01,-1.432044556017541659e+01,-1.431791272180974950e+01,-1.431524277645828747e+01,-1.431242370314069312e+01,-1.430944197513001015e+01,-1.430628231109055193e+01,-1.430292737504824174e+01,-1.429935741270152327e+01,-1.429554980810109832e+01,-1.429147854018279240e+01,-1.428711351269120300e+01,-1.428241972324033249e+01,-1.427735622705584717e+01,-1.427187483763013454e+01,-1.426591848926908845e+01,-1.425941916443694524e+01,-1.425229526117611201e+01,-1.424444824255148667e+01,-1.423575837242622910e+01,-1.422607930457327896e+01,-1.421523126613623056e+01,-1.420299258377836971e+01,-1.418908938046993740e+01,-1.417318348254044480e+01,-1.415485899249810942e+01,-1.413360864433932385e+01,-1.410882186208239553e+01,-1.407977694157352566e+01,-1.404563896163858061e+01,-1.400546134102517293e+01,-1.395818071608361066e+01,-1.390258059356441400e+01,-1.383717667344836322e+01,-1.375994018253853746e+01,-1.366771951167971721e+01,-1.355515092743792671e+01,-1.341273905192354832e+01,-1.329579565916145079e+01,-1.334442895409832985e+01,-1.337763340803878620e+01,-1.340255743734388361e+01,-1.342282679718585925e+01,-1.344034090094863210e+01,-1.345603427157017862e+01,-1.347030531430786482e+01,-1.348329612197269078e+01,-1.349506126185452359e+01,-1.350564912205994794e+01
-1.433231570969361179e+01,-1.433018906881572541e+01,-1.432795374426394375e+01,-1.432560079062331226e+01,-1.432312021156071502e+01,-1.432050079618039717e+01,-1.431772992338323469e+01,-1.431479332670084759e+01,-1.431167481001651609e+01,-1.430835590189044026e+01,-1.430481543266340339e+01,-1.430102901383017056e+01,-1.429696839295933763e+01,-1.429260064916110018e+01,-1.428788718306169869e+01,-1.428278244050405377e+01,-1.427723228956844714e+01,-1.427117194454543991e+01,-1.426452329658558327e+01,-1.425719146746771138e+01,-1.424906034986544157e+01,-1.423998683711982061e+01,-1.422979338686740647e+01,-1.421825852817388203e+01,-1.420510495717451072e+01,-1.418998505469101978e+01,-1.417246412675276446e+01,-1.415200255243631844e+01,-1.412793933920259448e+01,-1.409948092252693286e+01,-1.406569912695891666e+01,-1.402553872404930857e+01,-1.397782542200855715e+01,-1.392124781712990256e+01,-1.385425936391126456e+01,-1.377479784326320456e+01,-1.367963050168475014e+01,-1.356301290882128896e+01,-1.341423838515387956e+01,-1.331068229487973653e+01,-1.335639658290143039e+01,-1.338735669897305591e+01,-1.341065422281959307e+01,-1.342987604292056680e+01,-1.344683890870910403e+01,-1.346233379574220912e+01,-1.347659616938255844e+01,-1.348963673542277064e+01,-1.350143143343853147e+01,-1.351199563220784405e+01
-1.433957772866455294e+01,-1.433761771820627295e+01,-1.433555737578024569e+01,-1.433338843725024603e+01,-1.433110166589887591e+01,-1.432868670023262681e+01,-1.432613187173066471e+01,-1.432342398534704309e+01,-1.432054805356054672e+01,-1.431748697210710475e+01,-1.431422112199900809e+01,-1.431072787771784149e+01,-1.430698099512795274e+01,-1.430294984409009018e+01,-1.429859843912451112e+01,-1.429388420563105733e+01,-1.428875639756296856e+01,-1.428315405300924645e+01,-1.427700333425568502e+01,-1.427021404553302730e+01,-1.426267505194584295e+01,-1.425424823590824808e+01,-1.424476052729692377e+01,-1.423399344866536609e+01,-1.422166957452162883e+01,-1.420743541531782128e+01,-1.419084068785859820e+01,-1.417131499593488542e+01,-1.414814485464584948e+01,-1.412045652823769615e+01,-1.408721181584681759e+01,-1.404722127124479236e+01,-1.399916813959881168e+01,-1.394161492515132394e+01,-1.387293300126598439e+01,-1.379103828821962452e+01,-1.369268015209713418e+01,-1.357179337633311533e+01,-1.341627142134739792e+01,-1.332653687787785124e+01,-1.336895750595560273e+01,-1.339738731362221991e+01,-1.341886118212797463e+01,-1.343695885112153832e+01,-1.345340958924333918e+01,-1.346880779566977004e+01,-1.348316424268405278e+01,-1.349632303252628951e+01,-1.350817530218494866e+01,-1.351871231371115911e+01
-1.434692911473585220e+01,-1.434513937002043882e+01,-1.434325788966623705e+01,-1.434127711729930610e+01,-1.433918860678712903e+01,-1.433698288256246123e+01,-1.433464927214904350e+01,-1.433217570414667463e+01,-1.432954846300265039e+01,-1.432675188933074395e+01,-1.432376801110275899e+01,-1.432057608640179858e+01,-1.431715203212414700e+01,-1.431346770438756622e+01,-1.430948998450688769e+01,-1.430517960789481435e+01,-1.430048965024054475e+01,-1.429536355314793106e+01,-1.428973252641933200e+01,-1.428351210151062745e+01,-1.427659752444540686e+01,-1.426885756064847754e+01,-1.426012613581570143e+01,-1.425019106450720585e+01,-1.423877896019775768e+01,-1.422553538340339685e+01,-1.420999960524471106e+01,-1.419157447798157712e+01,-1.416949440176089858e+01,-1.414279851870074189e+01,-1.411032059412533712e+01,-1.407070649501299897e+01,-1.402245701073320738e+01,-1.396396549553679733e+01,-1.389348448843033701e+01,-1.380890188734032620e+01,-1.370702908366881090e+01,-1.358162885007028642e+01,-1.341901580362995361e+01,-1.334353475660831911e+01,-1.338224962187191913e+01,-1.340779651093707159e+01,-1.342718527876670720e+01,-1.344406210241829847e+01,-1.346007042699567613e+01,-1.347551996008786013e+01,-1.349010170247961682e+01,-1.350345114568894012e+01,-1.351537731713606405e+01,-1.352586626180100282e+01
-1.435437135461923397e+01,-1.435275555262582081e+01,-1.435105685170299239e+01,-1.434926842791857560e+01,-1.434738265439391292e+01,-1.434539097508616479e+01,-1.434328375331558014e+01,-1.434105008884453980e+01,-1.433867759551035626e+01,-1.433615212899920088e+01,-1.433345745109076752e+01,-1.433057481226970609e+01,-1.432748242851157450e+01,-1.432415481961630377e+01,-1.432056196467152098e+01,-1.431666821360487774e+01,-1.431243087015922555e+01,-1.430779832781372640e+01,-1.430270759153531124e+01,-1.429708094811744168e+01,-1.429082144700718437e+01,-1.428380670999375468e+01,-1.427588038883728316e+01,-1.426684032705806082e+01,-1.425642217198386597e+01,-1.424427691268707186e+01,-1.422994084533902992e+01,-1.421279738418854599e+01,-1.419203302288005553e+01,-1.416659582322546918e+01,-1.413517340743054262e+01,-1.409621162557927931e+01,-1.404798005806534356e+01,-1.398864856599082707e+01,-1.391629421239430364e+01,-1.382873076706054682e+01,-1.372289299565770904e+01,-1.359266756007236054e+01,-1.342271132325315719e+01,-1.336192582769481341e+01,-1.339648745209564495e+01,-1.341870179500445204e+01,-1.343564097559901249e+01,-1.345116794747584699e+01,-1.346685584579971895e+01,-1.348257284721993443e+01,-1.349754171928813484e+01,-1.351114763439426092e+01,-1.352313999985126713e+01,-1.353353333358088761e+01
-1.436190605713025903e+01,-1.436046792752718915e+01,-1.435895597287838754e+01,-1.435736412461961109e+01,-1.435568560151985729e+01,-1.435391279771449824e+01,-1.435203714826928589e+01,-1.435004896672105268e+01,-1.434793724739912157e+01,-1.434568942312262507e+01,-1.434329106587020952e+01,-1.434072551390600481e+01,-1.433797340314935198e+01,-1.433501207260134436e+01,-1.433181480235849925e+01,-1.432834982660646972e+01,-1.432457904065691601e+01,-1.432045628701256845e+01,-1.431592505519291159e+01,-1.431091535536483761e+01,-1.430533941425916389e+01,-1.429908567519436602e+01,-1.429201033717301605e+01,-1.428392531111548180e+01,-1.427458098311584322e+01,-1.426364158800150150e+01,-1.425065052319878056e+01,-1.423498324888198319e+01,-1.421578814797011248e+01,-1.419192365415929302e+01,-1.416191491110568990e+01,-1.412396753067026900e+01,-1.407606202545714424e+01,-1.401608384361939663e+01,-1.394186665199857167e+01,-1.385104439815711075e+01,-1.374061596919893624e+01,-1.360506397584446425e+01,-1.342768918619487906e+01,-1.338208358333120529e+01,-1.341200835292663029e+01,-1.343029965993039276e+01,-1.344425741585459022e+01,-1.345825155629913716e+01,-1.347383530938468787e+01,-1.349013529605707085e+01,-1.350567633860104877e+01,-1.351957586536003220e+01,-1.353158386783222156e+01,-1.354179573913957846e+01
-1.436953496387230622e+01,-1.436827830181190890e+01,-1.436695712394433677e+01,-1.436556613837775842e+01,-1.436409943377421961e+01,-1.436255038226681435e+01,-1.436091152288713069e+01,-1.435917442066164007e+01,-1.435732949508896183e+01,-1.435536580975548837e+01,-1.435327081217858591e+01,-1.435103000928478245e+01,-1.434862655879191173e+01,-1.434604074950741470e+01,-1.434324933317919104e+01,-1.434022465550911285e+01,-1.433693351188892251e+01,-1.433333562062722599e+01,-1.432938155702001737e+01,-1.432500991619722264e+01,-1.432014335625272494e+01,-1.431468299186827409e+01,-1.430850032525051851e+01,-1.430142546057787634e+01,-1.429322967852663950e+01,-1.428359948857488959e+01,-1.427209809833581566e+01,-1.425810941033582324e+01,-1.424076116145619864e+01,-1.421883254218436932e+01,-1.419067479610823490e+01,-1.415420757812142938e+01,-1.410705264907628909e+01,-1.404675170163056208e+01,-1.397084757075859152e+01,-1.387665526840389951e+01,-1.376088201372074238e+01,-1.361898059151400453e+01,-1.343444741533168596e+01,-1.340459618886385051e+01,-1.342933754867468288e+01,-1.344292570829859024e+01,-1.345309880418108683e+01,-1.346527926512965401e+01,-1.348115562745362794e+01,-1.349849011792477604e+01,-1.351477822950866603e+01,-1.352893919042308113e+01,-1.354084359963507467e+01,-1.355073705903391357e+01
-1.437725995991698369e+01,-1.437618864061366430e+01,-1.437506235002638810e+01,-1.437387659283661634e+01,-1.437262634993314947e+01,-1.437130599668261688e+01,-1.436990920482890743e+01,-1.436842882394761922e+01,-1.436685673715572165e+01,-1.436518368411452684e+01,-1.436339904208557527e+01,-1.436149055263911833e+01,-1.435944397717754129e+01,-1.435724265812355327e+01,-1.435486695351705855e+01,-1.435229349943652011e+01,-1.434949423485085518e+01,-1.434643509358905256e+01,-1.434307422217089822e+01,-1.433935951048606583e+01,-1.433522510833423347e+01,-1.433058641688512225e+01,-1.432533274309392191e+01,-1.431931630799916277e+01,-1.431233547920201765e+01,-1.430410876967468603e+01,-1.429423412720870878e+01,-1.428212548776433799e+01,-1.426691721654934852e+01,-1.424733358251662629e+01,-1.422155109196549638e+01,-1.418715085440076429e+01,-1.414130421312625607e+01,-1.408115617613540138e+01,-1.400398880577559169e+01,-1.390676688420433749e+01,-1.378528160648374978e+01,-1.363469784714740030e+01,-1.344395487351917851e+01,-1.343041792984484140e+01,-1.344925662518412324e+01,-1.345716962272930672e+01,-1.346233126262517388e+01,-1.347221111707917451e+01,-1.348914662681087329e+01,-1.350811150742334554e+01,-1.352521912990912867e+01,-1.353947522125696956e+01,-1.355105802819138106e+01,-1.356043398305985015e+01
-1.438508308439145189e+01,-1.438420107948225457e+01,-1.438327388514426097e+01,-1.438229782143772262e+01,-1.438126878225245342e+01,-1.438018216924038128e+01,-1.437903281257837307e+01,-1.437781487528865831e+01,-1.437652173685573942e+01,-1.437514585053553340e+01,-1.437367856690545942e+01,-1.437210991363274815e+01,-1.437042831780985175e+01,-1.436862025201380000e+01,-1.436666977770230247e+01,-1.436455794841991640e+01,-1.436226201855177642e+01,-1.435975437775202401e+01,-1.435700109120930001e+01,-1.435395986224460962e+01,-1.435057713009458524e+01,-1.434678384321812672e+01,-1.434248915485981613e+01,-1.433757077738814800e+01,-1.433185983021572341e+01,-1.432511641050931495e+01,-1.431698929605409099e+01,-1.430694855185639547e+01,-1.429417372754158855e+01,-1.427737902790052615e+01,-1.425458682845371605e+01,-1.422298001182600657e+01,-1.417913990788375145e+01,-1.411975490405008138e+01,-1.404201262960027385e+01,-1.394282656293131772e+01,-1.381712042518383754e+01,-1.365562319035160854e+01,-1.345894224230332803e+01,-1.346097835148835031e+01,-1.347281649938103065e+01,-1.347408383205226734e+01,-1.347247063031561076e+01,-1.347902693567586319e+01,-1.349859864543704724e+01,-1.351976352660602565e+01,-1.353746445025874401e+01,-1.355143291876350808e+01,-1.356235188595056584e+01,-1.357094464993284433e+01
-1.439300654088393472e+01,-1.439231793654754554e+01,-1.439159416650151257e+01,-1.439083238429470768e+01,-1.439002941650315393e+01,-1.438918171248475986e+01,-1.438828528419322872e+01,-1.438733563359132717e+01,-1.438632766446059996e+01,-1.438525557439313474e+01,-1.438411272135705055e+01,-1.438289145728133001e+01,-1.438158291834953495e+01,-1.438017675772988468e+01,-1.437866080067864338e+01,-1.437702059334146654e+01,-1.437523880352194894e+01,-1.437329441148603948e+01,-1.437116159691447237e+01,-1.436880817633755925e+01,-1.436619335930373431e+01,-1.436326444440592098e+01,-1.435995181733485460e+01,-1.435616114316471936e+01,-1.435176076548679625e+01,-1.434656063135916071e+01,-1.434027573363835018e+01,-1.433246054023809357e+01,-1.432238889410884575e+01,-1.430883732916985807e+01,-1.428973653521222609e+01,-1.426181390193498899e+01,-1.422081964938822551e+01,-1.416286582583208009e+01,-1.408538161924125376e+01,-1.398589724200041040e+01,-1.385976404833269626e+01,-1.369920683778420845e+01,-1.348417891474456454e+01,-1.349783768659096594e+01,-1.350118382854544485e+01,-1.349542406276049888e+01,-1.348541508323635441e+01,-1.348594708411913068e+01,-1.351142466977482393e+01,-1.353452583096146888e+01,-1.355200732851013079e+01,-1.356502552956725971e+01,-1.357480934967754216e+01,-1.358229462536022858e+01
-1.440103270758196352e+01,-1.440054172436919444e+01,-1.440002584840598132e+01,-1.439948308463440618e+01,-1.439891121150053088e+01,-1.439830774656428680e+01,-1.439766990537406244e+01,-1.439699455194998734e+01,-1.439627813871996231e+01,-1.439551663307147322e+01,-1.439470542674181353e+01,-1.439383922295323082e+01,-1.439291189432962703e+01,-1.439191630193166205e+01,-1.439084406178116282e+01,-1.438968523930750543e+01,-1.438842794307384487e+01,-1.438705777495847293e+01,-1.438555707125273742e+01,-1.438390383177470788e+01,-1.438207017081132832e+01,-1.438002001299557797e+01,-1.437770555659738392e+01,-1.437506164874469405e+01,-1.437199647437755345e+01,-1.436837543405776074e+01,-1.436399180036072742e+01,-1.435851037743331915e+01,-1.435135355423286185e+01,-1.434146273326995313e+01,-1.432681452686984436e+01,-1.430367101807439489e+01,-1.426651269735468475e+01,-1.421057122220757130e+01,-1.413408595720943239e+01,-1.403599949042798833e+01,-1.391283830598464277e+01,-1.375497229463981697e+01,-1.353718174247621064e+01,-1.354182767404809340e+01,-1.353523361219217058e+01,-1.352334973003845597e+01,-1.350746463199048897e+01,-1.350027561848472324e+01,-1.353117134195396787e+01,-1.355349758153452910e+01,-1.356921517559187507e+01,-1.358036270862376327e+01,-1.358844360068560242e+01,-1.359446307163719858e+01
-1.440916414706349080e+01,-1.440887516137025592e+01,-1.440857181569040435e+01,-1.440825298463618331e+01,-1.440791741790749647e+01,-1.440756372169267685e+01,-1.440719033647397040e+01,-1.440679551035729311e+01,-1.440637726677873687e+01,-1.440593336507491529e+01,-1.440546125189732152e+01,-1.440495800073780508e+01,-1.440442023581227815e+01,-1.440384403506619293e+01,-1.440322480486650036e+01,-1.440255711561897556e+01,-1.440183448240735764e+01,-1.440104906660524975e+01,-1.440019126116285264e+01,-1.439924910008579140e+01,-1.439820739425808149e+01,-1.439704642699937587e+01,-1.439573991447274004e+01,-1.439425168575651348e+01,-1.439253002348997512e+01,-1.439049748821081209e+01,-1.438803145404095041e+01,-1.438492410215151551e+01,-1.438079315387398438e+01,-1.437486457054879452e+01,-1.436540903375550648e+01,-1.434840324540030032e+01,-1.431628185986255986e+01,-1.426261276885500351e+01,-1.418757023772744397e+01,-1.409222531415645463e+01,-1.397409746452766122e+01,-1.382080151989523742e+01,-1.361216201646548463e+01,-1.359252686092878903e+01,-1.357500422684185004e+01,-1.355881420882315957e+01,-1.354385204973200807e+01,-1.354132705666885350e+01,-1.355989880706535189e+01,-1.357709683905438958e+01,-1.358913503713275972e+01,-1.359738311003240696e+01,-1.360317114245950521e+01,-1.360737287030967835e+01
-1.441740361566872330e+01,-1.441732118276237351e+01,-1.441723519651407948e+01,-1.441714542051514769e+01,-1.441705159611050746e+01,-1.441695343946809871e+01,-1.441685063809636880e+01,-1.441674284666252426e+01,-1.441662968191149474e+01,-1.441651071640998083e+01,-1.441638547072899712e+01,-1.441625340351330564e+01,-1.441611389863592230e+01,-1.441596624824990691e+01,-1.441580962994258108e+01,-1.441564307522258837e+01,-1.441546542497119532e+01,-1.441527526480343724e+01,-1.441507082865667222e+01,-1.441484985072198910e+01,-1.441460933083716789e+01,-1.441434515006096362e+01,-1.441405141718764504e+01,-1.441371931152334085e+01,-1.441333493606918026e+01,-1.441287511314080660e+01,-1.441229859918395562e+01,-1.441152620530037431e+01,-1.441039104877352095e+01,-1.440849684931538199e+01,-1.440474377866266309e+01,-1.439551709980552552e+01,-1.437006825326339055e+01,-1.431817765418519173e+01,-1.424479433741464618e+01,-1.415342136656629002e+01,-1.404187030758942178e+01,-1.389729041396669196e+01,-1.369790956065834919e+01,-1.364817049060163967e+01,-1.361942745343467465e+01,-1.360038231357314409e+01,-1.358797911540809444e+01,-1.358615466779409076e+01,-1.359504944880007038e+01,-1.360464591414856805e+01,-1.361138531687240771e+01,-1.361581900334610395e+01,-1.361880109571934483e+01,-1.362088852291842045e+01
-1.442575407239065122e+01,-1.442588295088262740e+01,-1.442601937444236881e+01,-1.442616401671448401e+01,-1.442631763299121239e+01,-1.442648107281642211e+01,-1.442665529496875543e+01,-1.442684138535735450e+01,-1.442704057850249555e+01,-1.442725428345330307e+01,-1.442748411522945062e+01,-1.442773193318145175e+01,-1.442799988806977574e+01,-1.442829048020103855e+01,-1.442860663167514090e+01,-1.442895177675283414e+01,-1.442932997562807174e+01,-1.442974605858385218e+01,-1.443020580973196765e+01,-1.443071620236698038e+01,-1.443128570133630717e+01,-1.443192465120149137e+01,-1.443264577041977326e+01,-1.443346476547151802e+01,-1.443440104767415555e+01,-1.443547842824128402e+01,-1.443672532295743061e+01,-1.443817286258100197e+01,-1.443984520677283356e+01,-1.444171900737242531e+01,-1.444353362442703137e+01,-1.444353371220756266e+01,-1.442759619091899559e+01,-1.437532302618468982e+01,-1.430440415059880799e+01,-1.421889976515981679e+01,-1.411557696949500595e+01,-1.398385160648613379e+01,-1.378849567070779969e+01,-1.370590315498153799e+01,-1.366667328877595722e+01,-1.364543820631133819e+01,-1.363471793445688540e+01,-1.363204200667426313e+01,-1.363346200130825103e+01,-1.363475850747209961e+01,-1.363520570147898603e+01,-1.363521182320500280e+01,-1.363504606826705334e+01,-1.363482419288948755e+01
-1.443421868723413937e+01,-1.443456386487741305e+01,-1.443492799971975060e+01,-1.443531269909675885e+01,-1.443571975744843172e+01,-1.443615118436523659e+01,-1.443660923783334304e+01,-1.443709646383844891e+01,-1.443761574379228740e+01,-1.443817035164385132e+01,-1.443876402306056761e+01,-1.443940103975926625e+01,-1.444008633299644551e+01,-1.444082561148425192e+01,-1.444162552071492378e+01,-1.444249384304585249e+01,-1.444343975120634127e+01,-1.444447413256586543e+01,-1.444561000820682928e+01,-1.444686308058568436e+01,-1.444825245793662205e+01,-1.444980162511844313e+01,-1.445153976347167024e+01,-1.445350357331218483e+01,-1.445573983353992098e+01,-1.445830906338939847e+01,-1.446129086608710601e+01,-1.446479189241361674e+01,-1.446895795858470990e+01,-1.447399277788173144e+01,-1.448018645783509406e+01,-1.448794380532664583e+01,-1.448607361754241651e+01,-1.443023003860367481e+01,-1.436523175311082667e+01,-1.428906633060849352e+01,-1.419720314084858259e+01,-1.407634657781188814e+01,-1.387302539514897681e+01,-1.376333777300873784e+01,-1.371490201172129986e+01,-1.369152949660310270e+01,-1.368186520419001795e+01,-1.367857736131179891e+01,-1.367324406576160101e+01,-1.366582601104384764e+01,-1.365959429646637524e+01,-1.365497318625025613e+01,-1.365155454939580082e+01,-1.364896171798763191e+01
-1.444280084900715266e+01,-1.444336756968594138e+01,-1.444396499967462866e+01,-1.444459570705275553e+01,-1.444526255456262831e+01,-1.444596874310444790e+01,-1.444671786316043161e+01,-1.444751395588300191e+01,-1.444836158602844201e+01,-1.444926592949631683e+01,-1.445023287899161524e+01,-1.445126917232277464e+01,-1.445238254917138754e+01,-1.445358194393955387e+01,-1.445487772467085286e+01,-1.445628199129660452e+01,-1.445780895093380103e+01,-1.445947539416725292e+01,-1.446130130493003030e+01,-1.446331064883364093e+01,-1.446553240214554314e+01,-1.446800190823378784e+01,-1.447076268299848678e+01,-1.447386883844458438e+01,-1.447738835418434356e+01,-1.448140748648363996e+01,-1.448603659386026621e+01,-1.449141728368801019e+01,-1.449772876740002303e+01,-1.450518119152623342e+01,-1.451392218016153635e+01,-1.452318556268396321e+01,-1.451961560800195095e+01,-1.447650501358411645e+01,-1.441647792373582071e+01,-1.434591749754445189e+01,-1.426209705623349322e+01,-1.415436733234574795e+01,-1.396045033950900915e+01,-1.382069490322076355e+01,-1.376285152572478943e+01,-1.373659939844332456e+01,-1.372747515298170384e+01,-1.372535471573120702e+01,-1.371278065927130818e+01,-1.369606192069714545e+01,-1.368345131608203502e+01,-1.367447565157446121e+01,-1.366795900985043666e+01,-1.366307573525819485e+01
-1.445150417252275687e+01,-1.445229796429533842e+01,-1.445313458821878605e+01,-1.445401760447863282e+01,-1.445495097833705422e+01,-1.445593913924505003e+01,-1.445698705056445910e+01,-1.445810029217306258e+01,-1.445928515879388776e+01,-1.446054877761974744e+01,-1.446189924974776986e+01,-1.446334582116572420e+01,-1.446489909063665991e+01,-1.446657126393781745e+01,-1.446837646669599842e+01,-1.447033113175410435e+01,-1.447245448190530404e+01,-1.447476913532568155e+01,-1.447730186957352316e+01,-1.448008459103261814e+01,-1.448315557027809319e+01,-1.448656101902512461e+01,-1.449035709667194993e+01,-1.449461242990441434e+01,-1.449941116590565748e+01,-1.450485633646771078e+01,-1.451107251418346600e+01,-1.451772909729594119e+01,-1.452188309765257301e+01,-1.452643856791184973e+01,-1.453081368289293174e+01,-1.453230469303620609e+01,-1.452076764003030362e+01,-1.448638064457541930e+01,-1.443683592152921769e+01,-1.437721756348262048e+01,-1.430702145893831378e+01,-1.421904083906129124e+01,-1.406626226731760809e+01,-1.387999957020968012e+01,-1.380993220132249455e+01,-1.377895656410517233e+01,-1.376859581564224655e+01,-1.377066056670775573e+01,-1.374862678593029486e+01,-1.372345274276643501e+01,-1.370576068774463963e+01,-1.369316074837300157e+01,-1.368393002983742157e+01,-1.367696096048110910e+01
