-6.371033323508766166e+00,-6.341583479149837110e+00,-6.309154178232958543e+00,-6.273324505623895320e+00,-6.233590062457961878e+00,-6.184123503574432412e+00,-6.130220557686088867e+00,-6.072369736795634410e+00,-6.010222804971181887e+00,-5.943396439663239939e+00,-5.871467457815577440e+00,-5.793967063297958298e+00,-5.710373855600701098e+00,-5.620105259321510616e+00,-5.522506925785614307e+00,-5.416839511853571487e+00,-5.302262042023199839e+00,-5.177810787424905747e+00,-5.042372218736234757e+00,-4.894648064007392385e+00,-4.733109758021855740e+00,-4.555938500460246843e+00,-4.360945577178688914e+00,-4.286400917124014498e+00,-4.482350944044699581e+00,-4.617235173503549284e+00,-4.715802493809304607e+00,-4.791054613146882524e+00,-4.850476614816188636e+00,-4.898681452899856126e+00,-4.938665572110017443e+00,-4.972458172513904984e+00,-5.001480344191769234e+00,-5.026754923796861618e+00,-5.049034870051602120e+00,-5.068884924623494825e+00,-5.086735350099938380e+00,-5.102918362615842085e+00,-5.117693489252317818e+00,-5.131265627477223923e+00,-5.143798164113607463e+00,-5.155422664772378205e+00,-5.166246126884520784e+00,-5.176356465519260652e+00,-5.185826694183459651e+00,-5.194718127704618382e+00,-5.203082844110034522e+00,-5.210965580687431320e+00,-5.218405196021684844e+00,-5.225435798462019221e+00
-6.383484277702994092e+00,-6.354657510325151470e+00,-6.322911511386390515e+00,-6.287836721503722082e+00,-6.248943231110165364e+00,-6.204988732318292399e+00,-6.151105680729719083e+00,-6.093201915057101736e+00,-6.030916419318558042e+00,-5.963851333233272101e+00,-5.891566919195041940e+00,-5.813575497089502164e+00,-5.729334070956597635e+00,-5.638235284670654934e+00,-5.539596226260243839e+00,-5.432644440584736500e+00,-5.316500291346687668e+00,-5.190154512129101505e+00,-5.052439367561040839e+00,-4.901991257947157621e+00,-4.737201764682277272e+00,-4.556152926451988883e+00,-4.356530761866139301e+00,-4.303380662522054756e+00,-4.497151519531089825e+00,-4.630189677815055305e+00,-4.727232014831200146e+00,-4.801224886968550543e+00,-4.859601119589274099e+00,-4.906931872604052280e+00,-4.946181408709610317e+00,-4.979354175186626819e+00,-5.007851967722285025e+00,-5.032682283319831029e+00,-5.054585613355121687e+00,-5.074116346487005380e+00,-5.091695985481341502e+00,-5.107649226853510527e+00,-5.122229081843634013e+00,-5.135634777737925205e+00,-5.148024769023765046e+00,-5.159526349309818904e+00,-5.170242843440053804e+00,-5.180259040209814536e+00,-5.189645322844408604e+00,-5.198460822004690840e+00,-5.206755827688026805e+00,-5.214573635719649936e+00,-5.221951961627863348e+00,-5.228924023451662073e+00
-6.395907088951682695e+00,-6.367697572046313148e+00,-6.336627077667519536e+00,-6.302296901506035276e+00,-6.264230987833575348e+00,-6.221855248212671441e+00,-6.172522046474334445e+00,-6.114590756546211203e+00,-6.052190750018057841e+00,-5.984908893359720317e+00,-5.912287999674449956e+00,-5.833820421048946159e+00,-5.748940257688737177e+00,-5.657013797230492358e+00,-5.557327669949551741e+00,-5.449074030793881640e+00,-5.331331838596969241e+00,-5.203042969468932633e+00,-5.062981435571441757e+00,-4.909713322782504719e+00,-4.741544120144286723e+00,-4.556448748085758282e+00,-4.351977573390183096e+00,-4.320661504599857317e+00,-4.512156215016299043e+00,-4.643284065890991741e+00,-4.738756779861116541e+00,-4.811458236195266913e+00,-4.868765014090190135e+00,-4.915204143612118770e+00,-4.953706265668894382e+00,-4.986250130564698679e+00,-5.014217570661925194e+00,-5.038600225389835430e+00,-5.060125682134157366e+00,-5.079337584115900306e+00,-5.096648309166945445e+00,-5.112374691790992465e+00,-5.126762910026634756e+00,-5.140006234015908504e+00,-5.152257935068377925e+00,-5.163640824419681863e+00,-5.174254386509687720e+00,-5.184180158179969133e+00,-5.193485806163978147e+00,-5.202228225828844366e+00,-5.210455897639191036e+00,-5.218210678176407491e+00,-5.225529160033782539e+00,-5.232443703618048225e+00
-6.408304432110430326e+00,-6.380706917314466153e+00,-6.350304778704026987e+00,-6.316709680560348872e+00,-6.279458806020079997e+00,-6.237995123432581224e+00,-6.191640885884341472e+00,-6.136553697617430636e+00,-6.074065662814329691e+00,-6.006591533174780118e+00,-5.933655734577016005e+00,-5.854729505364126396e+00,-5.769222647218742672e+00,-5.676473399264028608e+00,-5.575735884854803537e+00,-5.466164389495381748e+00,-5.346793463659459178e+00,-5.216512475228925361e+00,-5.074032717412762850e+00,-4.917844441016211654e+00,-4.746160119750073569e+00,-4.556838708699253004e+00,-4.347283353124400840e+00,-4.338256344042139112e+00,-4.527373129813368813e+00,-4.656523474004561791e+00,-4.750379880216955009e+00,-4.821756240043740149e+00,-4.877968727580936026e+00,-4.923497829646966473e+00,-4.961239088936494568e+00,-4.993144594287552529e+00,-5.020575529151718897e+00,-5.044507137947774389e+00,-5.065653642307780480e+00,-5.084547516636042985e+00,-5.101591613417802762e+00,-5.117094525572366770e+00,-5.131295244326491201e+00,-5.144380762997654344e+00,-5.156498891684912600e+00,-5.167767728398273697e+00,-5.178282735923814606e+00,-5.188122066700108448e+00,-5.197350583738741037e+00,-5.206022899500601930e+00,-5.214185670153557162e+00,-5.221879323974079945e+00,-5.229139360374222889e+00,-5.235997324507045469e+00
-6.420678838875000238e+00,-6.393688658942496161e+00,-6.363948377548052093e+00,-6.331079554431611633e+00,-6.294632016107774675e+00,-6.254065025937905808e+00,-6.208722041037985306e+00,-6.157796374703976561e+00,-6.096561424425214426e+00,-6.028922282913439012e+00,-5.955696026571943413e+00,-5.876331571589995306e+00,-5.790212937279243022e+00,-5.696648498713664743e+00,-5.594857656897266551e+00,-5.483954128391676619e+00,-5.362924765147043082e+00,-5.230602406481048128e+00,-5.085630686647185428e+00,-4.926417894468649195e+00,-4.751075784456308071e+00,-4.557337479399028446e+00,-4.342445971110112879e+00,-4.356179300755211870e+00,-4.542811239806638035e+00,-4.669913686315181778e+00,-4.762104875640205570e+00,-4.832120794534085384e+00,-4.887212876417873275e+00,-4.931812573885429707e+00,-4.968778820614418557e+00,-5.000036061465889858e+00,-5.026924129772788241e+00,-5.050401317100274845e+00,-5.071167989439100410e+00,-5.089744993190634226e+00,-5.106525213662898466e+00,-5.121808578839007531e+00,-5.135826496988974199e+00,-5.148759326896418465e+00,-5.160749108317935097e+00,-5.171908972362527557e+00,-5.182330164635862602e+00,-5.192087314364439266e+00,-5.201242393916108320e+00,-5.209847690637803730e+00,-5.217948030506527779e+00,-5.225582435269322090e+00,-5.232785352466134299e+00,-5.239587565701403271e+00
-6.433032684399985435e+00,-6.406645756123764635e+00,-6.377561485106864936e+00,-6.345410865885185103e+00,-6.309755791348331755e+00,-6.270071085241943010e+00,-6.225720455332457881e+00,-6.175923846176274878e+00,-6.119698648269150887e+00,-6.051924748183854064e+00,-5.978435622004027117e+00,-5.898656593525239522e+00,-5.811944324656717953e+00,-5.717575381632332032e+00,-5.614732049767930278e+00,-5.502484537822911470e+00,-5.379768392647228836e+00,-5.245355491794529534e+00,-5.097816336232531498e+00,-4.935470436160492191e+00,-4.756320228982760412e+00,-4.557961965160887807e+00,-4.337463978937297071e+00,-4.374445877876774524e+00,-4.558480530011541632e+00,-4.683461243572066834e+00,-4.773935881205588316e+00,-4.842554178340019000e+00,-4.896498309821970985e+00,-4.940148126563177478e+00,-4.976324411473337150e+00,-5.006922968227397241e+00,-5.033261564902098861e+00,-5.056280961167907151e+00,-5.076667145857016727e+00,-5.094928836494690749e+00,-5.111448460491842205e+00,-5.126516805722132197e+00,-5.140357251233519165e+00,-5.153143119242047376e+00,-5.165010334440937712e+00,-5.176066782021422341e+00,-5.186399279919750249e+00,-5.196078789782856866e+00,-5.205164308562724607e+00,-5.213705764118677699e+00,-5.221746157836602009e+00,-5.229323140066561848e+00,-5.236470161562283288e+00,-5.243217311230647049e+00
-6.445368172923866545e+00,-6.419580999975769586e+00,-6.391147545473938152e+00,-6.359707789610943962e+00,-6.324835132101600088e+00,-6.286019248438982743e+00,-6.242643181877247649e+00,-6.193952300118557908e+00,-6.139011568231405924e+00,-6.075623055924416427e+00,-6.001902075109760482e+00,-5.921735687041104867e+00,-5.834451529109755619e+00,-5.739292279474283553e+00,-5.635400525055850984e+00,-5.521799768325079683e+00,-5.397370295792727646e+00,-5.260818128989178888e+00,-5.110634557825503244e+00,-4.945042711069079111e+00,-4.761926084635810241e+00,-4.558731662411435792e+00,-4.332336794707681626e+00,-4.393073150445129471e+00,-4.574392149064859581e+00,-4.697173571349440913e+00,-4.785877671039178161e+00,-4.853059132282948163e+00,-4.905826165827245511e+00,-4.948504379286743138e+00,-4.983874837067927999e+00,-5.013803694474460393e+00,-5.039585927865275039e+00,-5.062144164177620809e+00,-5.082149457832833228e+00,-5.100097847758350511e+00,-5.116360754677701905e+00,-5.131219289505915881e+00,-5.144888296491765267e+00,-5.157533607452947422e+00,-5.169284646571744801e+00,-5.180243746109491454e+00,-5.190493070471920767e+00,-5.200099765145580477e+00,-5.209119771552125577e+00,-5.217600634621124556e+00,-5.225583551452295694e+00,-5.233104852470276569e+00,-5.240197063049564008e+00,-5.246889659409711193e+00
-6.457687322373399930e+00,-6.432496998050599935e+00,-6.404709820168427825e+00,-6.373974315922905198e+00,-6.339874848669722063e+00,-6.301915261853871186e+00,-6.259497055969087675e+00,-6.211889867935692422e+00,-6.158190925622963441e+00,-6.097268403513746549e+00,-6.026123698112206384e+00,-5.945601086645348587e+00,-5.857770806162147181e+00,-5.761839429063415174e+00,-5.656907060883852978e+00,-5.541947018824036952e+00,-5.415779990450729997e+00,-5.277040732498092801e+00,-5.124134564176332063e+00,-4.955179732394253023e+00,-4.767929985401161197e+00,-4.559669077166163653e+00,-4.327064926356822383e+00,-4.412079982428807057e+00,-4.590558589360686170e+00,-4.711059131486106999e+00,-4.797935802296867003e+00,-4.863638955488486459e+00,-4.915197939807300465e+00,-4.956881407727438571e+00,-4.991429118409753229e+00,-5.020676568224119229e+00,-5.045895207896199608e+00,-5.067988908718914942e+00,-5.087613192889414826e+00,-5.105250813384659025e+00,-5.121261566024315925e+00,-5.135916274097687584e+00,-5.149420670985469073e+00,-5.161932583601321234e+00,-5.173574503596062080e+00,-5.184442872582827988e+00,-5.194614960236762613e+00,-5.204153945180102880e+00,-5.213112641213436760e+00,-5.221536201746596717e+00,-5.229464058507902635e+00,-5.236931293308904500e+00,-5.243969596758343954e+00,-5.250607931753694224e+00
-6.469991947917815622e+00,-6.445396157807635085e+00,-6.418251371301425756e+00,-6.388214233267857978e+00,-6.354879542705230477e+00,-6.317764650881762201e+00,-6.276288672974352778e+00,-6.229744413920929702e+00,-6.177259887818333794e+00,-6.117744688998605795e+00,-6.049813832477788367e+00,-5.970286106292937767e+00,-5.881939946126033547e+00,-5.785259122653569896e+00,-5.679298266850547172e+00,-5.562976730096131917e+00,-5.435050842054074849e+00,-5.294078112380093515e+00,-5.138370359242434127e+00,-4.965931420832185417e+00,-4.774373127275358897e+00,-4.560800214444755696e+00,-4.321650240785851693e+00,-4.431487276277303877e+00,-4.606993897138391247e+00,-4.725127601101402064e+00,-4.810116763605936541e+00,-4.874297621951230397e+00,-4.924615568605940297e+00,-4.965279524837052705e+00,-4.998986348435336069e+00,-5.027539872016049571e+00,-5.052187284923722821e+00,-5.073813058068656012e+00,-5.093056537355260538e+00,-5.110386513978411038e+00,-5.126150457067748967e+00,-5.140608202754390454e+00,-5.153955713339670730e+00,-5.166342225102568797e+00,-5.177882811970576427e+00,-5.188667653849768691e+00,-5.198768869857522290e+00,-5.208245522025685581e+00,-5.217147236930837373e+00,-5.225516787651397266e+00,-5.233391902782440930e+00,-5.240806510750853242e+00,-5.247791580451920623e+00,-5.254375680533773796e+00
-6.482283644438032510e+00,-6.458280669046106759e+00,-6.431775043697842698e+00,-6.402431109595054792e+00,-6.369853587253124338e+00,-6.333572698063851369e+00,-6.293024363848064517e+00,-6.247523507833283141e+00,-6.196227529302483106e+00,-6.138085519590304351e+00,-6.071766345726087977e+00,-5.995554653704612491e+00,-5.906998256345921128e+00,-5.809595745052904547e+00,-5.702623492589268039e+00,-5.584942781655106714e+00,-5.455240365747223485e+00,-5.311989886939097794e+00,-5.153401261006512968e+00,-4.977353215311293155e+00,-4.781301912395382381e+00,-4.562155151629570859e+00,-4.316096287627600780e+00,-4.451318259614638784e+00,-4.623713917482297653e+00,-4.739390084380387336e+00,-4.822428153090951852e+00,-4.885039922170419935e+00,-4.934081534105649425e+00,-4.973699347336326682e+00,-5.006545725880296338e+00,-5.034391852030402958e+00,-5.058459924221529569e+00,-5.079614347472126035e+00,-5.098477594325862228e+00,-5.115503736381113775e+00,-5.131027112975726112e+00,-5.145295765923610709e+00,-5.158495125363642408e+00,-5.170765167455249944e+00,-5.182213002680957636e+00,-5.192922142496774640e+00,-5.202959286729128330e+00,-5.212379236530486182e+00,-5.221228389996459107e+00,-5.229547176983603052e+00,-5.237371714158560287e+00,-5.244734900400498390e+00,-5.251667121948984551e+00,-5.258196694444881025e+00
-6.494563767867381543e+00,-6.471152485294948242e+00,-6.445283446012758155e+00,-6.416628272659192334e+00,-6.384801105515673925e+00,-6.349344419479376889e+00,-6.309710168330310509e+00,-6.265234394257439554e+00,-6.215102554923772615e+00,-6.158301424234886134e+00,-6.093551165873877018e+00,-6.019207427253001619e+00,-5.932986523278842128e+00,-5.834895794309677086e+00,-5.726934926709764007e+00,-5.607902689676228292e+00,-5.476410542582833330e+00,-5.330840930753746321e+00,-5.169292482330732241e+00,-4.989506764699099151e+00,-4.788768691361468655e+00,-4.563768710733254963e+00,-4.310408688072426386e+00,-4.471598814125611554e+00,-4.640736579896167058e+00,-4.753859363275105387e+00,-4.834878892225608737e+00,-4.895871635677120359e+00,-4.943598991115291774e+00,-4.982141879035911991e+00,-5.014106598672329440e+00,-5.041230730770370094e+00,-5.064710770981049492e+00,-5.085390374447515960e+00,-5.103874382266996967e+00,-5.120601289692834790e+00,-5.135891379411965829e+00,-5.149979960596134276e+00,-5.163041048691579427e+00,-5.175204591646913599e+00,-5.186569122186314829e+00,-5.197211039170257507e+00,-5.207191344683582024e+00,-5.216560446416086627e+00,-5.225361498684865325e+00,-5.233632658752815914e+00,-5.241408558221067437e+00,-5.248721224199481838e+00,-5.255600629195275708e+00,-5.262075001749090042e+00
-6.506833415346774174e+00,-6.484013304154085944e+00,-6.458778930889862657e+00,-6.430808789350216159e+00,-6.399725948460862845e+00,-6.365084539574035638e+00,-6.326351805904017134e+00,-6.282883958754838183e+00,-6.233893260696855343e+00,-6.178402460691750697e+00,-6.115180619806451112e+00,-6.042650912362048210e+00,-5.958755094325950630e+00,-5.861207881961598254e+00,-5.752287682295157190e+00,-5.631917802943083196e+00,-5.498628150473689580e+00,-5.350701859684651396e+00,-5.186115775503696845e+00,-5.002460711148908779e+00,-4.796832619267984654e+00,-4.565681247261643705e+00,-4.304595601032994878e+00,-4.492357852025602227e+00,-4.658082230841930738e+00,-4.768550194361563577e+00,-4.847479483113968257e+00,-4.906799741738927523e+00,-4.953171925824175759e+00,-4.990608615628128852e+00,-5.021668519636937944e+00,-5.048054724458006959e+00,-5.070937344903126309e+00,-5.091138587957733108e+00,-5.109244834599891760e+00,-5.125678026582916935e+00,-5.140743310706501035e+00,-5.154662164280328085e+00,-5.167596158693473107e+00,-5.179664329443522064e+00,-5.190955939993683543e+00,-5.201539794477150203e+00,-5.211470914355500028e+00,-5.220795201635511695e+00,-5.229552587318276657e+00,-5.237779069529930887e+00,-5.245507965170067344e+00,-5.252770627261821090e+00,-5.259596817442377947e+00,-5.266014870140907966e+00
-6.519093404117165313e+00,-6.496864546572903798e+00,-6.472263574215910253e+00,-6.444975444164811051e+00,-6.414631671430098159e+00,-6.380797464589062606e+00,-6.342954644646698448e+00,-6.300478690863019260e+00,-6.252607490058370132e+00,-6.198398164856749659e+00,-6.136666428344193847e+00,-6.065899733362424051e+00,-5.984130084329657429e+00,-5.888742894707073461e+00,-5.778739864498265710e+00,-5.657053493107114583e+00,-5.521965107978151543e+00,-5.371649554098826940e+00,-5.203950146432240409e+00,-5.016291577029738491e+00,-4.805560643405912380e+00,-4.567939576579147065e+00,-4.298668281061530649e+00,-4.513627745674236635e+00,-4.675774020331164849e+00,-4.783479660316983129e+00,-4.860242318448506182e+00,-4.917832677383158213e+00,-4.962805352858515207e+00,-4.999101677037276481e+00,-5.029231318243029492e+00,-5.054862066700981593e+00,-5.077137034957995176e+00,-5.096856276266541919e+00,-5.114586800762692675e+00,-5.130732871670264039e+00,-5.145583231458824791e+00,-5.159344227658768212e+00,-5.172163779991164390e+00,-5.184148990519111599e+00,-5.195379075972838656e+00,-5.205914726953306371e+00,-5.215804705229459159e+00,-5.225090327047473338e+00,-5.233808368807157052e+00,-5.241992837070425182e+00,-5.249675956963113954e+00,-5.256888651537118484e+00,-5.263660712511993189e+00,-5.270020802453854181e+00
-6.531344249043448791e+00,-6.509707335036787335e+00,-6.485739153527565470e+00,-6.459130716955468365e+00,-6.429521509938055601e+00,-6.396487254804206657e+00,-6.359523668163524768e+00,-6.318024644055160621e+00,-6.271252585564892179e+00,-6.218297493620730698e+00,-6.158019640801287053e+00,-6.088967732221073348e+00,-6.009259507379312915e+00,-5.916403090828135980e+00,-5.807021717556615670e+00,-5.683379334802434180e+00,-5.546498828281989368e+00,-5.393767721128764236e+00,-5.222882644691778431e+00,-5.031084768785777150e+00,-4.815028643436084721e+00,-4.570598062505657921e+00,-4.292641744873393783e+00,-4.535444815766201287e+00,-4.693838350245179036e+00,-4.798667585810600045e+00,-4.873182055357847098e+00,-4.928980654226787550e+00,-4.972505561330843982e+00,-5.007623975380006698e+00,-5.036795193407636262e+00,-5.061651040564615123e+00,-5.083307094544371907e+00,-5.102540553266423196e+00,-5.119898049471108159e+00,-5.135764859432245366e+00,-5.150411815785768788e+00,-5.164028591260573897e+00,-5.176748029105491256e+00,-5.188664116281383798e+00,-5.199845151034105051e+00,-5.210343159289522852e+00,-5.220200380225038295e+00,-5.229453512207602905e+00,-5.238136309754657383e+00,-5.246281023060668680e+00,-5.253919071256088813e+00,-5.261081244922481304e+00,-5.267797648924966936e+00,-5.274097527195917401e+00
-6.543586138623902926e+00,-6.522542470608343912e+00,-6.499207125623759573e+00,-6.473276760111894568e+00,-6.444398354896178738e+00,-6.412157595860226600e+00,-6.376063440848061425e+00,-6.335527392831252769e+00,-6.289835336079377726e+00,-6.238108761143193348e+00,-6.179250560470183729e+00,-6.111867885017102431e+00,-6.034160019269544151e+00,-5.943751351296997498e+00,-5.837435305733484014e+00,-5.710969270389081309e+00,-5.572312579955492673e+00,-5.417147496274901108e+00,-5.243009235881245900e+00,-5.046935712627480974e+00,-4.825322748130894901e+00,-4.573719897426918202e+00,-4.296520690949241938e+00,-4.557849882925504303e+00,-4.712305392397680315e+00,-4.814137028967859777e+00,-4.886316066671067659e+00,-4.940256048564322100e+00,-4.982280423384622736e+00,-5.016179429270147594e+00,-5.044360834187748388e+00,-5.068420022006469239e+00,-5.089444637401450144e+00,-5.108188343033928547e+00,-5.125176275242205648e+00,-5.140773185073824081e+00,-5.155230189937878293e+00,-5.168718433197832418e+00,-5.181353991293644157e+00,-5.193216366329600930e+00,-5.204361965326690154e+00,-5.214833575052107761e+00,-5.224666683376647747e+00,-5.233893407591822644e+00,-5.242544696673983040e+00,-5.250651363184690723e+00,-5.258244380296748233e+00,-5.265354764131205734e+00,-5.272013261460602784e+00,-5.278249982770994109e+00
-6.555818909284468532e+00,-6.535370408733355951e+00,-6.512668603424841329e+00,-6.487415375344859569e+00,-6.459264727530427130e+00,-6.427811769481946769e+00,-6.392578071779458249e+00,-6.352991987174225308e+00,-6.308361919550715236e+00,-6.257839568479035108e+00,-6.200368660777121121e+00,-6.134612205947739483e+00,-6.058847160996005066e+00,-5.970808207880676122e+00,-5.867449473677206484e+00,-5.744568983314786159e+00,-5.599495850250997719e+00,-5.441888084090888533e+00,-5.264435762953087128e+00,-5.063951138708065791e+00,-4.836540856650220377e+00,-4.577378608657610037e+00,-4.325073000082594099e+00,-4.580888886180564334e+00,-4.731209684227897228e+00,-4.829914860843123492e+00,-4.899664985786547078e+00,-4.951673882886156619e+00,-4.992139782862575537e+00,-5.024773238898184502e+00,-5.051929577748840217e+00,-5.075167538820698709e+00,-5.095546634815186771e+00,-5.113796362336797685e+00,-5.130419109759775331e+00,-5.145757273198888093e+00,-5.160040066134603975e+00,-5.173417857336502834e+00,-5.185987940604994684e+00,-5.197813744755412024e+00,-5.208938708624115677e+00,-5.219395798013723109e+00,-5.229213580639780368e+00,-5.238419725859976950e+00,-5.247042701149050359e+00,-5.255112302081081488e+00,-5.262659502434392067e+00,-5.269715969279104684e+00,-5.276313468491475867e+00,-5.282483294123315076e+00
-6.568042017683112910e+00,-6.548191233668223532e+00,-6.526124332096613578e+00,-6.501547990252189990e+00,-6.474122754302223726e+00,-6.443452623979892380e+00,-6.409071177628467453e+00,-6.370422904665338670e+00,-6.326837841547287233e+00,-6.277496726554068651e+00,-6.221382491926706670e+00,-6.157211638496137951e+00,-6.083335237553204600e+00,-5.997592760329046868e+00,-5.897090273475057209e+00,-5.777852911090482380e+00,-5.634259503910075573e+00,-5.468097437115244652e+00,-5.287279003454056436e+00,-5.082250532462928128e+00,-4.848794396910322213e+00,-4.581659832400560184e+00,-4.354678595008981468e+00,-4.604613569342260071e+00,-4.750590809095882605e+00,-4.846032446291136608e+00,-4.913253364280748769e+00,-4.963252421632913247e+00,-5.002095947211935290e+00,-5.033412241450785807e+00,-5.059503617672963749e+00,-5.081892350985729223e+00,-5.101609914948706859e+00,-5.119361100790423613e+00,-5.135624140445127495e+00,-5.150716871197797531e+00,-5.164843918489570029e+00,-5.178132134430123656e+00,-5.190657614699043521e+00,-5.202465874954793179e+00,-5.213586207958853969e+00,-5.224041195806967686e+00,-5.233852413001751636e+00,-5.243043345768946040e+00,-5.251640440830937173e+00,-5.259673019991939036e+00,-5.267172603345375848e+00,-5.274172007778155979e+00,-5.280704445225629762e+00,-5.286802740445487814e+00
-6.580254510650529021e+00,-6.561004631310302315e+00,-6.539574664417788341e+00,-6.515675634847414521e+00,-6.488974142177096560e+00,-6.459082544965392358e+00,-6.425545845006547907e+00,-6.387824000608003594e+00,-6.345267869751412881e+00,-6.297086172533371773e+00,-6.242299577926195830e+00,-6.179675933515399677e+00,-6.107637179589504584e+00,-6.024122527198225718e+00,-5.926381916420250917e+00,-5.810654315424638838e+00,-5.671647918641187225e+00,-5.501663029693706797e+00,-5.311667830012208213e+00,-5.101967774214619666e+00,-4.862210359155706207e+00,-4.586663404747236328e+00,-4.385421616573937698e+00,-4.629082232247819562e+00,-4.770494165962233524e+00,-4.862526439874589990e+00,-4.927110464451900818e+00,-4.975013909673394075e+00,-5.012164313032481111e+00,-5.042105373630040965e+00,-5.067086281006300652e+00,-5.088593560911896851e+00,-5.107631165574869847e+00,-5.124878798347261011e+00,-5.140788939812089176e+00,-5.155652177350910748e+00,-5.169645216230747131e+00,-5.182868013053060885e+00,-5.195372559150733593e+00,-5.207184333203755955e+00,-5.218317217696973209e+00,-5.228782908759615822e+00,-5.238596059759362156e+00,-5.247776414968866376e+00,-5.256349031966834673e+00,-5.264343446990197961e+00,-5.271792383447967190e+00,-5.278730384749794169e+00,-5.285192584801038151e+00,-5.291213712534889702e+00
-6.592454992261989055e+00,-6.573809860107693304e+00,-6.553019535308237664e+00,-6.529798918220200754e+00,-6.503820154616643201e+00,-6.474703426769022663e+00,-6.442004592748843628e+00,-6.405198456551252306e+00,-6.363655964647941587e+00,-6.316612879654384116e+00,-6.263126303941915829e+00,-6.202013514118541515e+00,-6.131764387773726455e+00,-6.050413274302597344e+00,-5.955346594665332560e+00,-5.843004955497868025e+00,-5.708405104782718453e+00,-5.544339655201171446e+00,-5.339968033107535206e+00,-5.123252991188789629e+00,-4.876933649713414809e+00,-4.592505829288488606e+00,-4.417395462276454410e+00,-4.654360537516173402e+00,-4.790971829077489197e+00,-4.879439709356276467e+00,-4.941271211790477125e+00,-4.986985488793348686e+00,-5.022364165349599396e+00,-5.050864278191347978e+00,-5.074682400309389330e+00,-5.095270766034140308e+00,-5.113606942195235483e+00,-5.130345419816836561e+00,-5.145911111092964951e+00,-5.160564018311029955e+00,-5.174448735700381441e+00,-5.187634123057372371e+00,-5.200144559925285570e+00,-5.211983052818015771e+00,-5.223146756852204753e+00,-5.233636103223596514e+00,-5.243459107875835912e+00,-5.252632446071197947e+00,-5.261180627672394472e+00,-5.269134259614585147e+00,-5.276528047315459879e+00,-5.283398916816702595e+00,-5.289784445044003469e+00,-5.295721658390136533e+00
-6.604641587361927080e+00,-6.586605719581191565e+00,-6.566458435344513234e+00,-6.543918005469040011e+00,-6.518661588693285047e+00,-6.490316645102869764e+00,-6.458449334668131314e+00,-6.422548727623990317e+00,-6.382005206632926253e+00,-6.336080760587107896e+00,-6.283867793975427496e+00,-6.224231327400913116e+00,-6.155726560018051963e+00,-6.076478821040665501e+00,-5.984004273864580448e+00,-5.874933998472248398e+00,-5.744574232608583131e+00,-5.586176000279094112e+00,-5.389661143113396946e+00,-5.146274650096493986e+00,-4.893129818655247654e+00,-4.599323193853939173e+00,-4.450703673964456542e+00,-4.680522354056111389e+00,-4.812083491212717945e+00,-4.896822395915027215e+00,-4.955777334179749971e+00,-4.999200335284749386e+00,-5.032719703450108995e+00,-5.059704105867417923e+00,-5.082298818729583445e+00,-5.101924272298806073e+00,-5.119533684659868911e+00,-5.135756626183580309e+00,-5.150988358669873257e+00,-5.165454097786721377e+00,-5.179260981809885145e+00,-5.192441502311697654e+00,-5.204988187486897289e+00,-5.216878811965371732e+00,-5.228092497120402804e+00,-5.238618246130726241e+00,-5.248458020534952695e+00,-5.257626397970455834e+00,-5.266148434369172904e+00,-5.274056853570516346e+00,-5.281389250236735222e+00,-5.288185665844980399e+00,-5.294486678659977130e+00,-5.300332015735783386e+00
-6.616811900634560040e+00,-6.599390515794942402e+00,-6.579890382957988670e+00,-6.558032594994377185e+00,-6.533498753740887288e+00,-6.505923031550760349e+00,-6.474881343346620355e+00,-6.439876489076254984e+00,-6.400317719708095154e+00,-6.355492564314297432e+00,-6.304527778833493912e+00,-6.246334683142745092e+00,-6.179531502031398560e+00,-6.102330825428345484e+00,-6.012372457842479534e+00,-5.906467774708017870e+00,-5.780195086248583358e+00,-5.627232904710083083e+00,-5.438207765623005230e+00,-5.198585415655822217e+00,-4.910988226585342176e+00,-4.607274625925325218e+00,-4.485460792651409179e+00,-4.707650605085626161e+00,-4.833897472632558312e+00,-4.914733113002331066e+00,-4.970678714156519185e+00,-5.011699070017031410e+00,-5.043261362713169049e+00,-5.068644584709906198e+00,-5.089945083964151351e+00,-5.108555396728481135e+00,-5.125407747246730317e+00,-5.141107742664959623e+00,-5.156018596808529253e+00,-5.170325349425782591e+00,-5.184090763200101648e+00,-5.197304288384258619e+00,-5.209921481500813911e+00,-5.221891818552086839e+00,-5.233175202239845447e+00,-5.243749393441134998e+00,-5.253611294134056919e+00,-5.262774731360751801e+00,-5.271266696738551083e+00,-5.279123284932239812e+00,-5.286386016487017336e+00,-5.293098849048603505e+00,-5.299305944717548122e+00,-5.305050130380788431e+00
-6.628962970014775635e+00,-6.612162022846479026e+00,-6.593313894825294064e+00,-6.572141896155987872e+00,-6.548331451954409133e+00,-6.521522850504505087e+00,-6.491301215538131331e+00,-6.457182582357554601e+00,-6.418594591788802539e+00,-6.374849766365009884e+00,-6.325108454275000902e+00,-6.268327079723417405e+00,-6.203184922034266968e+00,-6.127978549375408868e+00,-6.040465927405994861e+00,-5.937629496886175140e+00,-5.815303780858349647e+00,-5.667566627368215038e+00,-5.485696922239220008e+00,-5.256288054266137877e+00,-4.957591899384142131e+00,-4.616546399339731543e+00,-4.521793117869840728e+00,-4.735838069774755077e+00,-4.856491760792724932e+00,-4.933240272545746485e+00,-4.986034975582028572e+00,-5.024531499840303006e+00,-5.054027522930330640e+00,-5.077711458524466259e+00,-5.097634414512935308e+00,-5.115166902811993488e+00,-5.131225450238925845e+00,-5.146393723826921729e+00,-5.161000118450812302e+00,-5.175182444667181691e+00,-5.188949985574446089e+00,-5.202240631442573537e+00,-5.214966810817458942e+00,-5.227046404023242943e+00,-5.238419213908453997e+00,-5.249052479018073925e+00,-5.258939587764990264e+00,-5.268095423695861257e+00,-5.276550639274037557e+00,-5.284346171115355872e+00,-5.291528623458872538e+00,-5.298146721912975643e+00,-5.304248799569345252e+00,-5.309881159688848662e+00
-6.641091212840791513e+00,-6.624917439086466686e+00,-6.606726953699796567e+00,-6.586244607169570386e+00,-6.563158961333332542e+00,-6.537115779185064923e+00,-6.507708839724119620e+00,-6.474466960921817282e+00,-6.436835791401962936e+00,-6.394152451944815851e+00,-6.345610329011620365e+00,-6.290210017495925676e+00,-6.226690210832042105e+00,-6.153428606549653068e+00,-6.068296456725918553e+00,-5.968438947141438078e+00,-5.849932430334686906e+00,-5.707228527844089072e+00,-5.532211077874676697e+00,-5.312507943470685667e+00,-5.028263590108076997e+00,-4.645437006445794381e+00,-4.559839283814787869e+00,-4.765188062804263325e+00,-4.879955020696341350e+00,-4.952423504981023683e+00,-5.001917312948746641e+00,-5.037758752990685984e+00,-5.065066719140317808e+00,-5.086938438548829211e+00,-5.105385064768015901e+00,-5.121763638251802142e+00,-5.136983166321476446e+00,-5.151609116824594103e+00,-5.165931859913761137e+00,-5.180032535123699766e+00,-5.193854757961261726e+00,-5.207273903734808584e+00,-5.220151948149704957e+00,-5.232371832621498520e+00,-5.243852970272897984e+00,-5.254553581594572975e+00,-5.264465802554491702e+00,-5.273607924586293016e+00,-5.282016350218246892e+00,-5.289738541949700057e+00,-5.296827445700612813e+00,-5.303337430741697389e+00,-5.309321565888903471e+00,-5.314829961001349190e+00
-6.653192362635448553e+00,-6.637653336290086692e+00,-6.620126972567991430e+00,-6.600338892927726242e+00,-6.577980021321804038e+00,-6.552700891392349902e+00,-6.524103366290582073e+00,-6.491728635703133854e+00,-6.455040080139790248e+00,-6.413399191032478797e+00,-6.366032061869808523e+00,-6.311982799786074239e+00,-6.250048208798489213e+00,-6.178684696077967331e+00,-6.095872512242183738e+00,-5.998912138513526671e+00,-5.884108772460256098e+00,-5.746264673926119393e+00,-5.577825803288115836e+00,-5.367370771142655705e+00,-5.096760535261936731e+00,-4.735319217086284560e+00,-4.599750534088374643e+00,-4.795814884536106604e+00,-4.904387480991990067e+00,-4.972375104435688087e+00,-5.018410544606956236e+00,-5.051455865796182110e+00,-5.076440499246205107e+00,-5.096369872850099902e+00,-5.113222284173386534e+00,-5.128353488535855931e+00,-5.142677464479232796e+00,-5.156748025311910233e+00,-5.170813822074614485e+00,-5.184886356664609508e+00,-5.198826952133977386e+00,-5.212434304784868466e+00,-5.225511399847080796e+00,-5.237903220725660169e+00,-5.249509528151552473e+00,-5.260282135233032896e+00,-5.270215080086040338e+00,-5.279333028078498025e+00,-5.287680591648196149e+00,-5.295313630714900022e+00,-5.302292753290787530e+00,-5.308678832392828895e+00,-5.314530179355809736e+00,-5.319900965638020729e+00
-6.665261393727494266e+00,-6.650365599337911604e+00,-6.633510753503962576e+00,-6.614422362154984469e+00,-6.592792821425610406e+00,-6.568276645613002174e+00,-6.540483180650892514e+00,-6.508965619812651759e+00,-6.473204919600243912e+00,-6.432586903785827204e+00,-6.386370286831607679e+00,-6.333642321457658930e+00,-6.273256961643179253e+00,-6.203747326318641342e+00,-6.123198940780147481e+00,-6.029060959589937596e+00,-5.917855761859707187e+00,-5.784715385648858899e+00,-5.622609315261573038e+00,-5.420991783233660932e+00,-5.163283628422099092e+00,-4.821816181077296370e+00,-4.641690542177832057e+00,-4.827843896480407793e+00,-4.929901554804399844e+00,-4.993201377741201874e+00,-5.035615322105157610e+00,-5.065714853237587967e+00,-5.088227097689526524e+00,-5.106064421713806034e+00,-5.121181176564447490e+00,-5.134948837006382050e+00,-5.148305351296681209e+00,-5.161804079476010720e+00,-5.175647753458334499e+00,-5.189759902721333695e+00,-5.203896423340427013e+00,-5.217760988182403636e+00,-5.231088022972571139e+00,-5.243682537827524470e+00,-5.255427037501589460e+00,-5.266271032605346569e+00,-5.276214679879926095e+00,-5.285292633963623032e+00,-5.293560518180185248e+00,-5.301084595326274851e+00,-5.307934460049932746e+00,-5.314178280069577376e+00,-5.319880013753879311e+00,-5.325098040128273702e+00
-6.677292430037469195e+00,-6.663049353057022728e+00,-6.646874438876623437e+00,-6.628492042908695758e+00,-6.607594992972591896e+00,-6.583840878078421888e+00,-6.556845879407585898e+00,-6.526174871403250144e+00,-6.491326370595784212e+00,-6.451710713526854768e+00,-6.406619423790611556e+00,-6.355182844584388313e+00,-6.296311467110407456e+00,-6.228613533991254947e+00,-6.150276655467569853e+00,-6.058892814080736322e+00,-5.951191145185547704e+00,-5.822614732095620305e+00,-5.666621910920292216e+00,-5.473475277754991097e+00,-5.228016403233544551e+00,-4.905270046236959836e+00,-4.685834588583708715e+00,-4.861411034480336291e+00,-4.956621997140327807e+00,-5.015023701602476791e+00,-5.053650345410829026e+00,-5.080648234263117402e+00,-5.100526101215517194e+00,-5.116100138120531327e+00,-5.129310946652354097e+00,-5.141568862439071630e+00,-5.153864682673991560e+00,-5.166770423531820811e+00,-5.180438285004753673e+00,-5.194677012747475509e+00,-5.209104200104690108e+00,-5.223304859010469592e+00,-5.236934934280562004e+00,-5.249759620032138585e+00,-5.261649084069043525e+00,-5.272556550820416632e+00,-5.282493686565751467e+00,-5.291509367127660290e+00,-5.299673286832250696e+00,-5.307064161366009003e+00,-5.313761819080029980e+00,-5.319842375983889760e+00,-5.325375686906368422e+00,-5.330424337602696738e+00
-6.689278633188622258e+00,-6.675698871627377073e+00,-6.660213451546797003e+00,-6.642544354862135236e+00,-6.622383604015019465e+00,-6.599390801303265164e+00,-6.573188249288303808e+00,-6.543352232744436670e+00,-6.509398981021486286e+00,-6.470763783036101557e+00,-6.426771471608494046e+00,-6.376595760162913962e+00,-6.319203414984310818e+00,-6.253276605066450777e+00,-6.177102330074254688e+00,-6.088410270135715230e+00,-5.984127037369842306e+00,-5.859990003440209705e+00,-5.709915321507857300e+00,-5.524913905729905039e+00,-5.291124632763979818e+00,-4.985990660051622392e+00,-4.732367872836166001e+00,-4.896661530561739362e+00,-4.984685336056885241e+00,-5.037978994544195288e+00,-5.072654305153450061e+00,-5.096392856229783774e+00,-5.113464238065292378e+00,-5.126581483456505772e+00,-5.137681316466894188e+00,-5.148243269812245337e+00,-5.159354886069127843e+00,-5.171639744356923529e+00,-5.185194871932990779e+00,-5.199673464551966440e+00,-5.214507090468456951e+00,-5.229132192672222068e+00,-5.243117650886775394e+00,-5.256193060509711579e+00,-5.268224772628237851e+00,-5.279178008106335085e+00,-5.289082489865283954e+00,-5.298006023319978830e+00,-5.306035542783698489e+00,-5.313264181765263494e+00,-5.319783066248173320e+00,-5.325676694416833001e+00,-5.331020851978765407e+00,-5.335882143776897735e+00
-6.701212063576633682e+00,-6.688307464236106448e+00,-6.673522419234168446e+00,-6.656575075965646349e+00,-6.637155157127781813e+00,-6.614923008543899030e+00,-6.589506248053136339e+00,-6.560492362208698580e+00,-6.527415656757066031e+00,-6.489737127717923215e+00,-6.446815778350390325e+00,-6.397869333982090900e+00,-6.341920922988510512e+00,-6.277725805015612615e+00,-6.203668114511929232e+00,-6.117610737344250538e+00,-6.016669522325665653e+00,-5.896861187485618494e+00,-5.752532021137747087e+00,-5.575387821134510702e+00,-5.352755549088844766e+00,-5.064255938844867799e+00,-4.781482717546791328e+00,-4.933747582736239146e+00,-5.014238251906576238e+00,-5.062219194211379225e+00,-5.092787088129650641e+00,-5.113113631823999583e+00,-5.127202259088001313e+00,-5.137648920333700353e+00,-5.146392372346747734e+00,-5.155018569042254306e+00,-5.164778278004455103e+00,-5.176404392346729999e+00,-5.189935239660337096e+00,-5.204803590418412895e+00,-5.220184327310883887e+00,-5.235329164386099521e+00,-5.249716272281269802e+00,-5.263050741207621286e+00,-5.275208370832515037e+00,-5.286177040549942419e+00,-5.296011977914252711e+00,-5.304804813299040411e+00,-5.312662770933845202e+00,-5.319695113049977664e+00,-5.326005016674785431e+00,-5.331685482211023341e+00,-5.336817981208609396e+00,-5.341472723627190611e+00
-6.713083506037688331e+00,-6.700867328265835532e+00,-6.686795076123423165e+00,-6.670579299837799070e+00,-6.651905589501262206e+00,-6.630433484494226981e+00,-6.605794985767204253e+00,-6.577588653880792613e+00,-6.545367507065060764e+00,-6.508619396188690231e+00,-6.466738781333290831e+00,-6.418988433771471769e+00,-6.364448271460142692e+00,-6.301946127359305372e+00,-6.229961386392353084e+00,-6.146486192369194690e+00,-6.048818305813132845e+00,-5.933240486674828951e+00,-5.794504536949440343e+00,-5.624963739439451160e+00,-5.413036760820097548e+00,-5.140311414780463828e+00,-4.833374423329807712e+00,-4.972824703863031992e+00,-5.045434535402032239e+00,-5.087909214247915202e+00,-5.114229544376476255e+00,-5.131006421537240847e+00,-5.141942477852661675e+00,-5.149491690079877948e+00,-5.155589838358026533e+00,-5.161969076194631079e+00,-5.170142597279128616e+00,-5.181056711034541351e+00,-5.194691775398457168e+00,-5.210151201553914646e+00,-5.226247032607815868e+00,-5.242007166525894490e+00,-5.256827280117428280e+00,-5.270409634513083752e+00,-5.282658281100135689e+00,-5.293596378905791155e+00,-5.303312391059663788e+00,-5.311926386954875845e+00,-5.319568511980342862e+00,-5.326365415447947171e+00,-5.332432625153295191e+00,-5.337871348032460439e+00,-5.342768151982644653e+00,-5.347196176574560589e+00
-6.724882249169139570e+00,-6.713369357946995741e+00,-6.700024131678286032e+00,-6.684551378364005814e+00,-6.666630274205459727e+00,-6.645917622378159528e+00,-6.622048703623660160e+00,-6.594633136526866224e+00,-6.563243651734872230e+00,-6.527396604711054096e+00,-6.486523706785201071e+00,-6.439934233711936074e+00,-6.386765640229135066e+00,-6.325918071051877867e+00,-6.255964555723202203e+00,-6.175022976847635903e+00,-6.080566451862376098e+00,-5.969131917491203865e+00,-5.835854817627008195e+00,-5.673693983196620216e+00,-5.472074978295291103e+00,-5.214369127374184565e+00,-4.888235571424663917e+00,-5.014046513564198726e+00,-5.078430257920492075e+00,-5.115222776600773180e+00,-5.137180858971631459e+00,-5.150298742173429645e+00,-5.157935711981193272e+00,-5.162363871733029796e+00,-5.165488751981856197e+00,-5.169217055663919425e+00,-5.175466226757286847e+00,-5.185589864075049960e+00,-5.199524035610808781e+00,-5.215847913987923690e+00,-5.232851215872045714e+00,-5.249308267974465814e+00,-5.264564161934961461e+00,-5.278354348673503615e+00,-5.290635074544474570e+00,-5.301478017683098010e+00,-5.311011803909614137e+00,-5.319388636111666457e+00,-5.326763454501301176e+00,-5.333280893908228570e+00,-5.339068528718986961e+00,-5.344234956717323293e+00,-5.348870848190261817e+00,-5.353051309576030370e+00
-6.736595804054713810e+00,-6.725802891680491946e+00,-6.713201092009733806e+00,-6.698484841095672770e+00,-6.681324020714581202e+00,-6.661370247397102595e+00,-6.638260745651646033e+00,-6.611616339152377009e+00,-6.581030971099109728e+00,-6.546051806294323150e+00,-6.506150215501604883e+00,-6.460683891574929838e+00,-6.408848852263168361e+00,-6.349617459299054190e+00,-6.281654942025737043e+00,-6.203201693313086018e+00,-6.111900236669661979e+00,-6.004531038467510129e+00,-5.876593725971908100e+00,-5.721615610938343366e+00,-5.529954690546228235e+00,-5.286606085682696410e+00,-4.966887646453424843e+00,-5.057557829605171307e+00,-5.113376870173960143e+00,-5.144335537140876546e+00,-5.161852393819009954e+00,-5.171246321035910753e+00,-5.175484921474610367e+00,-5.176602102724689125e+00,-5.176409235629333416e+00,-5.176971275803992967e+00,-5.180789995520263425e+00,-5.189999960109068056e+00,-5.204544830043005277e+00,-5.222103930896309087e+00,-5.240214146174550613e+00,-5.257409101721334466e+00,-5.273055571237223127e+00,-5.286973769813360313e+00,-5.299198339641580269e+00,-5.309860716224038768e+00,-5.319134241896291471e+00,-5.327205299319944132e+00,-5.334254430836232963e+00,-5.340444009093782363e+00,-5.345912598190185605e+00,-5.350774750419979853e+00,-5.355123792624905121e+00,-5.359035538702642931e+00
-6.748209544038872743e+00,-6.738155374571575429e+00,-6.726316012146477341e+00,-6.712372278498596856e+00,-6.695981071556485809e+00,-6.676785646234177918e+00,-6.654423515737729389e+00,-6.628527103422492850e+00,-6.598713771083229318e+00,-6.564564667777971430e+00,-6.525593977081292074e+00,-6.481210193682479748e+00,-6.430669130859712368e+00,-6.373015315224831667e+00,-6.307004745411388669e+00,-6.230997226215648332e+00,-6.142799154727255129e+00,-6.039424854748677518e+00,-5.916720726516355278e+00,-5.768749739555548928e+00,-5.586736969882079684e+00,-5.357162591696156717e+00,-5.058074198314978176e+00,-5.103486080185009044e+00,-5.150412139323774952e+00,-5.175415123275556972e+00,-5.188456934883023841e+00,-5.194123009014726122e+00,-5.194940795207513062e+00,-5.192639160476160143e+00,-5.188826171900478457e+00,-5.185603447979926450e+00,-5.186207353598780045e+00,-5.194292075047376223e+00,-5.209978664435929829e+00,-5.229257940409252292e+00,-5.248630875503149440e+00,-5.266519683448563249e+00,-5.282439273824487636e+00,-5.296355174236368590e+00,-5.308402211520204084e+00,-5.318776865911126528e+00,-5.327697494911693532e+00,-5.335384421536685018e+00,-5.342043363231864461e+00,-5.347853201504409348e+00,-5.352961535211953503e+00,-5.357486723639338422e+00,-5.361522828390546280e+00,-5.365144830198596004e+00
-6.759706242331485981e+00,-6.750411903323278118e+00,-6.739357146793706121e+00,-6.726205168751976160e+00,-6.710595089970857963e+00,-6.692157601979230819e+00,-6.670528407681389993e+00,-6.645352312256023630e+00,-6.616273322219646147e+00,-6.582910918366609465e+00,-6.544826151644916656e+00,-6.501481164459014472e+00,-6.452192881244964262e+00,-6.396077813773510812e+00,-6.331981135482649847e+00,-6.258378915387885932e+00,-6.173236110608009142e+00,-6.073791945416036953e+00,-5.956223839363058659e+00,-5.815101177048292769e+00,-5.642458602497180564e+00,-5.426140772034831805e+00,-5.146652223381163793e+00,-5.151931295187619497e+00,-5.189649150948798528e+00,-5.208608144769804937e+00,-5.217192818276129351e+00,-5.219201776020365280e+00,-5.216682705877566661e+00,-5.210999878637008642e+00,-5.203422681835093933e+00,-5.195799142491073219e+00,-5.191955627770759918e+00,-5.198500785378775468e+00,-5.216301682058310796e+00,-5.237847694724204750e+00,-5.258480225673873854e+00,-5.276871561880727590e+00,-5.292850117506669783e+00,-5.306575500645880794e+00,-5.318289689016544308e+00,-5.328248899593970300e+00,-5.336710756995142191e+00,-5.343926749986080971e+00,-5.350126226277823527e+00,-5.355502288244960774e+00,-5.360208561781623082e+00,-5.364364283709845971e+00,-5.368061868068361164e+00,-5.371373691215866053e+00
-6.771065479006820986e+00,-6.762554607518851846e+00,-6.752310450366757699e+00,-6.739973615585200584e+00,-6.725159130122376538e+00,-6.707479433368686905e+00,-6.686565688103351945e+00,-6.662076486215454452e+00,-6.633687211911052373e+00,-6.601061620601523572e+00,-6.563812755570148205e+00,-6.521459642096246512e+00,-6.473381514440213813e+00,-6.418766334787250116e+00,-6.356546484301901501e+00,-6.285310908251855011e+00,-6.203177825873105178e+00,-6.107602853885219396e+00,-5.995079925170101909e+00,-5.860658479082299976e+00,-5.697131750141827489e+00,-5.493603698460725937e+00,-5.232802078557132752e+00,-5.202955219107793461e+00,-5.231164010487797000e+00,-5.244024914388505820e+00,-5.248223561112697944e+00,-5.246726197440783501e+00,-5.241079148018072509e+00,-5.232257151364709813e+00,-5.221100608533560283e+00,-5.208815682424138949e+00,-5.198762086955297512e+00,-5.202787757051035022e+00,-5.224577618548001290e+00,-5.248668431799975664e+00,-5.270197400835684221e+00,-5.288689216895875234e+00,-5.304401381944419569e+00,-5.317690202406756939e+00,-5.328886204168260754e+00,-5.338285588100079693e+00,-5.346172278033158420e+00,-5.352824164672301599e+00,-5.358492112226532100e+00,-5.363380011718366980e+00,-5.367643259626005303e+00,-5.371398230581164057e+00,-5.374732927796952886e+00,-5.377715217913459078e+00
-6.782262884593398766e+00,-6.774561803391751624e+00,-6.765158850509903843e+00,-6.753665943718147879e+00,-6.739665575530808361e+00,-6.722744036524806788e+00,-6.702524298237791278e+00,-6.678681170061448569e+00,-6.650928419992522933e+00,-6.618982199966234603e+00,-6.582513889141038632e+00,-6.541102832166833636e+00,-6.494191342518936594e+00,-6.441037649686313316e+00,-6.380658771914169414e+00,-6.311752714357163896e+00,-6.232585483696205131e+00,-6.140820771276333190e+00,-6.033255352698348339e+00,-5.905394527058454912e+00,-5.750744332950951332e+00,-5.559575473081018515e+00,-5.316637624165057474e+00,-5.256570372502038069e+00,-5.274983293560209674e+00,-5.281723382939714106e+00,-5.281655247449502433e+00,-5.276875364650287281e+00,-5.268428339814136940e+00,-5.256928817591417058e+00,-5.242841649326554609e+00,-5.226662362070579881e+00,-5.209458361975598528e+00,-5.208361086254075900e+00,-5.237034406061298775e+00,-5.262688183370506145e+00,-5.284185181342092363e+00,-5.302143568470421897e+00,-5.317161626033663602e+00,-5.329721165287657492e+00,-5.340193281599187713e+00,-5.348878717096052782e+00,-5.356067224615842726e+00,-5.362058236781051868e+00,-5.367122513622504698e+00,-5.371469845052614822e+00,-5.375251624935214245e+00,-5.378576887272734197e+00,-5.381526258166744014e+00,-5.384161203995208034e+00
-6.793269186816325522e+00,-6.786406832799424471e+00,-6.777881176847966316e+00,-6.767268061471787277e+00,-6.754106020497092189e+00,-6.737943926199739586e+00,-6.718391515546888293e+00,-6.695143982235431501e+00,-6.667963984436904745e+00,-6.636631154293973545e+00,-6.600882813745488242e+00,-6.560361870432144471e+00,-6.514573591334211322e+00,-6.462844283600512441e+00,-6.404272194511270833e+00,-6.337659981046240176e+00,-6.261415623847589984e+00,-6.173402527820202934e+00,-6.070707079715648824e+00,-5.949267696936653138e+00,-5.803261284297933642e+00,-5.624042601518659978e+00,-5.398208046519608061e+00,-5.312730107417978687e+00,-5.321072588375628243e+00,-5.321694374776696712e+00,-5.317515411634707867e+00,-5.309729481957064401e+00,-5.298892649215797945e+00,-5.285331028481439652e+00,-5.269338746657649786e+00,-5.251318483673633075e+00,-5.232262730243878224e+00,-5.229341614066067123e+00,-5.256532987059648221e+00,-5.280630817703936053e+00,-5.300668099735920791e+00,-5.317299030681553518e+00,-5.331132904177984244e+00,-5.342646150380729431e+00,-5.352183298794154886e+00,-5.360000700804866902e+00,-5.366365846770532855e+00,-5.371598980390484002e+00,-5.375990993519928374e+00,-5.379750191617398869e+00,-5.383016404138204258e+00,-5.385886401632672182e+00,-5.388430573735500495e+00,-5.390702305955146656e+00
-6.804049036334566480e+00,-6.798056472670046091e+00,-6.790450558665373393e+00,-6.780762432420037733e+00,-6.768471048099716114e+00,-6.753071271364233574e+00,-6.734152368289243462e+00,-6.711437113888024442e+00,-6.684753061749891145e+00,-6.653958355149426573e+00,-6.618864892695491164e+00,-6.579181459307729796e+00,-6.534474600450888460e+00,-6.484135105371114705e+00,-6.427338005249676023e+00,-6.362985501577906433e+00,-6.289621287692439111e+00,-6.205299888726913515e+00,-6.107384151443493892e+00,-5.992223648408739223e+00,-5.854626766562464724e+00,-5.686956876040865083e+00,-5.477502018829541797e+00,-5.371320794898871931e+00,-5.369327524279773556e+00,-5.363850287556374496e+00,-5.355737600490724226e+00,-5.345245757988606350e+00,-5.332452026021441860e+00,-5.317460919125613472e+00,-5.300597887750962300e+00,-5.282799253668693851e+00,-5.267316907470721787e+00,-5.266128989571725150e+00,-5.283034669541065931e+00,-5.302424394744541303e+00,-5.319569589777689345e+00,-5.334078525427415229e+00,-5.346238579424363202e+00,-5.356392476403900815e+00,-5.364795998746277661e+00,-5.371603609877286800e+00,-5.377021689505665059e+00,-5.381403871560801910e+00,-5.385063540442667218e+00,-5.388195145639050665e+00,-5.390917756492713764e+00,-5.393311216678894127e+00,-5.395433367665409818e+00,-5.397328252894874723e+00
-6.814559618701330201e+00,-6.809468776225148012e+00,-6.802831997287714927e+00,-6.794126369586579450e+00,-6.782749814544378530e+00,-6.768117915600948109e+00,-6.749788600372272462e+00,-6.727524911350218240e+00,-6.701244102242149836e+00,-6.670902866053146418e+00,-6.636396466748339051e+00,-6.597499694680769800e+00,-6.553836309847875796e+00,-6.504856207354850817e+00,-6.449805614219354943e+00,-6.387680456171334065e+00,-6.317153397083711930e+00,-6.236461129637191014e+00,-6.143229590246432892e+00,-6.034197716741411810e+00,-5.904767358067408267e+00,-5.748239851232052722e+00,-5.554454472824110312e+00,-5.432157219701633899e+00,-5.419568440275968513e+00,-5.408018833583466467e+00,-5.396154537154874475e+00,-5.383251758658605723e+00,-5.368898228427327446e+00,-5.352991211625659496e+00,-5.335929027317352080e+00,-5.319118564933698501e+00,-5.306265739032410167e+00,-5.304085821905992759e+00,-5.313551187002201637e+00,-5.327202175136499740e+00,-5.340516184675019318e+00,-5.352268190228221201e+00,-5.362327291931959117e+00,-5.370837078629271844e+00,-5.377935882263482625e+00,-5.383619837912426931e+00,-5.387968578374437101e+00,-5.391417542804020080e+00,-5.394300140347451311e+00,-5.396775962996817277e+00,-5.398934230481708063e+00,-5.400834668714001197e+00,-5.402521279179509861e+00,-5.404028080362019537e+00
-6.824749135192163862e+00,-6.820590210370116147e+00,-6.814978654511904210e+00,-6.807329113291438638e+00,-6.796929252968373802e+00,-6.783075363029012372e+00,-6.765276780705566928e+00,-6.743359901744665486e+00,-6.717370763578873749e+00,-6.687390271625324623e+00,-6.653403843438744580e+00,-6.615248274260797423e+00,-6.572597164989534058e+00,-6.524952141059442212e+00,-6.471623964552143171e+00,-6.411695871394302415e+00,-6.343962333012405530e+00,-6.266832844388610546e+00,-6.178182618730280851e+00,-6.075117839714282653e+00,-5.953596135760246710e+00,-5.807788837460924114e+00,-5.628955940382495804e+00,-5.494982057077200999e+00,-5.471539390355148136e+00,-5.453942311343493721e+00,-5.438500144598959807e+00,-5.423456430887140023e+00,-5.407870601338975902e+00,-5.391379418134970791e+00,-5.374336225753646445e+00,-5.358220099260437408e+00,-5.346127013814019335e+00,-5.341851213019670475e+00,-5.345707510558288078e+00,-5.353858452804253432e+00,-5.362966811713499204e+00,-5.371560702253836972e+00,-5.379193989993082958e+00,-5.385815375930923743e+00,-5.391465002105775284e+00,-5.395964045669938258e+00,-5.399112813449178816e+00,-5.401574102624802087e+00,-5.403658293050749073e+00,-5.405463223515527993e+00,-5.407043929787060499e+00,-5.408439625251281413e+00,-5.409680464289697177e+00,-5.410790361837738871e+00
-6.834555389006581549e+00,-6.831352044573367088e+00,-6.826826175052276291e+00,-6.820326640587966338e+00,-6.810992478856648269e+00,-6.797934686600562770e+00,-6.780584692451091300e+00,-6.758876131998691861e+00,-6.733046130512377658e+00,-6.703329706885239325e+00,-6.669802762233991267e+00,-6.632353370873182108e+00,-6.590693595958716955e+00,-6.544367566353082033e+00,-6.492743183093781845e+00,-6.434984263608293453e+00,-6.369999660543837372e+00,-6.296361916268968351e+00,-6.212181128969952226e+00,-6.114907905056769621e+00,-6.001017496346736202e+00,-5.865484186401022981e+00,-5.700864124865049121e+00,-5.559470029438263516e+00,-5.524911692460690027e+00,-5.501281772032834638e+00,-5.482417871017786659e+00,-5.465471583910726849e+00,-5.448912023848730080e+00,-5.432011183774823948e+00,-5.414892081179365491e+00,-5.398795069027635840e+00,-5.386088573159300452e+00,-5.379165472858828956e+00,-5.378307944315943168e+00,-5.381466772596504633e+00,-5.386360206545607099e+00,-5.391613314899230680e+00,-5.396611903654767062e+00,-5.401145647416928597e+00,-5.405180175271978804e+00,-5.408528571717806877e+00,-5.410321331459580385e+00,-5.411807363470076737e+00,-5.413098627269138596e+00,-5.414229248082602197e+00,-5.415225604709261731e+00,-5.416109037715088448e+00,-5.416896912731264280e+00,-5.417603411235642596e+00
-6.843904986608523977e+00,-6.841666261013706674e+00,-6.838284158761251952e+00,-6.833052087566171551e+00,-6.824915372509060774e+00,-6.812686249848097120e+00,-6.795664025147184262e+00,-6.773977862567668318e+00,-6.748154975528411370e+00,-6.718611215501773870e+00,-6.685498966638794727e+00,-6.648737541292564224e+00,-6.608062223621365305e+00,-6.563049342259757779e+00,-6.513116473762746494e+00,-6.457501408073757609e+00,-6.395219927371508462e+00,-6.324997565292246549e+00,-6.245164286223450212e+00,-6.153491364559060095e+00,-6.046932489910815889e+00,-5.921197519010189758e+00,-5.770017129652543098e+00,-5.625237058906779275e+00,-5.579291917987485583e+00,-5.549624836648146875e+00,-5.527471223165351333e+00,-5.508833106627275100e+00,-5.491517817369354404e+00,-5.474301994973331809e+00,-5.456884940577439558e+00,-5.440110867408834316e+00,-5.425829925362282147e+00,-5.415880483462548689e+00,-5.410741451907931321e+00,-5.409358025725154562e+00,-5.410200044359296356e+00,-5.412094226280935061e+00,-5.414362834097076416e+00,-5.416672926069002081e+00,-5.418869258379638509e+00,-5.420661529753231456e+00,-5.421475180372007152e+00,-5.422071646635541420e+00,-5.422590453489537943e+00,-5.423049815922057704e+00,-5.423459328545749969e+00,-5.423826286350494463e+00,-5.424156664191096766e+00,-5.424455436936929331e+00
-6.852714069896838289e+00,-6.851422043399837847e+00,-6.849224107011540497e+00,-6.845397477935445174e+00,-6.838658521760926590e+00,-6.827318923844977405e+00,-6.810434484653396403e+00,-6.788520508715845558e+00,-6.762544674652541943e+00,-6.733104894964594855e+00,-6.700390826596557936e+00,-6.664323068863426514e+00,-6.624642888940078578e+00,-6.580949027586961542e+00,-6.532702179029270972e+00,-6.479208148535787970e+00,-6.419582446355635241e+00,-6.352693370428876385e+00,-6.277075138668121390e+00,-6.190794933126586130e+00,-6.091244390381183926e+00,-5.974800460530877544e+00,-5.836247632360198168e+00,-5.691854484071730447e+00,-5.634234221082987659e+00,-5.598496183834996920e+00,-5.573152899288180251e+00,-5.553012596815958268e+00,-5.535159502105061691e+00,-5.517736482877608317e+00,-5.499813449442687130e+00,-5.481748228686947222e+00,-5.465151612949703974e+00,-5.451843146996032452e+00,-5.442625665889716302e+00,-5.437051736078179154e+00,-5.434075373948789256e+00,-5.432705322165286788e+00,-5.432251403725422811e+00,-5.432294356352516118e+00,-5.432561871391416553e+00,-5.432745728713653577e+00,-5.432605971577569193e+00,-5.432353292330848404e+00,-5.432112776078504623e+00,-5.431904206575994820e+00,-5.431726526371627450e+00,-5.431575256477049862e+00,-5.431445906341011209e+00,-5.431334641622239445e+00
-6.860891925885062470e+00,-6.860485459651469498e+00,-6.859465083244145944e+00,-6.857178523688645555e+00,-6.852145579892508387e+00,-6.841817669493305054e+00,-6.824746313932207542e+00,-6.802280392173188694e+00,-6.776018027628202489e+00,-6.746664515893288083e+00,-6.714375138033329193e+00,-6.679037014542369199e+00,-6.640382462721217571e+00,-6.598025667079754797e+00,-6.551465883431289328e+00,-6.500072136401639611e+00,-6.443052960398081730e+00,-6.379409159088976544e+00,-6.307863097121505724e+00,-6.226752176328711030e+00,-6.133864198219224129e+00,-6.026173398129222036e+00,-5.899397235282612506e+00,-5.758868166044781134e+00,-5.689257183405278973e+00,-5.647370885591188383e+00,-5.618891354585331399e+00,-5.597414403412047434e+00,-5.579275884686308196e+00,-5.561858014960723295e+00,-5.543335213069218170e+00,-5.523440467045634961e+00,-5.503858727200310774e+00,-5.486852966213865201e+00,-5.473650738710711394e+00,-5.464176293325814449e+00,-5.457647648397659701e+00,-5.453185075030516415e+00,-5.450100582803909077e+00,-5.447924413573250746e+00,-5.446321442989185968e+00,-5.445003461603753259e+00,-5.443780071426913558e+00,-5.442650888442347679e+00,-5.441649064693343973e+00,-5.440773527261328901e+00,-5.440009423562401025e+00,-5.439340189221590016e+00,-5.438750976594257658e+00,-5.438229278301032643e+00
-6.868348897454285229e+00,-6.868707124299110234e+00,-6.868765012814962212e+00,-6.868071462803237992e+00,-6.865194071713897728e+00,-6.856154129986347989e+00,-6.838285583322310401e+00,-6.814916363821181378e+00,-6.788336884658549231e+00,-6.759139350003050772e+00,-6.727356918909305428e+00,-6.692817874633266939e+00,-6.655239163696654359e+00,-6.614248623955750972e+00,-6.569382382288655897e+00,-6.520069369820716609e+00,-6.465605083991600388e+00,-6.405112658026509642e+00,-6.337486151272351265e+00,-6.261306788989394967e+00,-6.174715761311240669e+00,-6.075213755510668889e+00,-5.959330204673890741e+00,-5.825821966923281359e+00,-5.743865651001850203e+00,-5.695692461579749732e+00,-5.664057668947726221e+00,-5.641358867093337892e+00,-5.623227483522857284e+00,-5.606218291797837594e+00,-5.587217293021867093e+00,-5.564977323002737286e+00,-5.541688011142047898e+00,-5.520626926176856131e+00,-5.503508136684522434e+00,-5.490414321393600972e+00,-5.480630607156278700e+00,-5.473302704451683098e+00,-5.467741929489287500e+00,-5.463456939501524445e+00,-5.460083065948020398e+00,-5.457328160883882617e+00,-5.454984204998472030e+00,-5.452950178173032292e+00,-5.451180378248606573e+00,-5.449638485128790677e+00,-5.448290280858076429e+00,-5.447105440912807239e+00,-5.446058321493469023e+00,-5.445127685467877399e+00
-6.875009051057155318e+00,-6.875943479277824011e+00,-6.876839777526758013e+00,-6.877536101099618548e+00,-6.877245499672778983e+00,-6.870228044621404351e+00,-6.850345606720131819e+00,-6.825957896676512426e+00,-6.799252430828390814e+00,-6.770397014214298181e+00,-6.739262781163835925e+00,-6.705623090697018007e+00,-6.669186831971991580e+00,-6.629600111883608982e+00,-6.586437304224749489e+00,-6.539185398074963018e+00,-6.487221422511562530e+00,-6.429780811039212729e+00,-6.365912701775045868e+00,-6.294415379954670264e+00,-6.213740208946128440e+00,-6.121843276454378646e+00,-6.015945789294906199e+00,-5.892284510895509086e+00,-5.797577929412196518e+00,-5.742898955581796194e+00,-5.707980745736337624e+00,-5.684061602070853425e+00,-5.666209275431960180e+00,-5.650267733261243208e+00,-5.631297208705175805e+00,-5.606115397133063283e+00,-5.578215857094794394e+00,-5.552763293485514673e+00,-5.531859649696354353e+00,-5.515474868353861915e+00,-5.502776251297942345e+00,-5.492852861095733452e+00,-5.485012459603604285e+00,-5.478766355271032396e+00,-5.473736870037680724e+00,-5.469615141758212395e+00,-5.466162918914844404e+00,-5.463219537707308504e+00,-5.460682074528854457e+00,-5.458477969509870853e+00,-5.456550849547823212e+00,-5.454855309309921019e+00,-5.453354477140545775e+00,-5.452018328404361291e+00
-6.880825549755549275e+00,-6.882092296039433066e+00,-6.883441123321433430e+00,-6.884879221256427151e+00,-6.886409675540273057e+00,-6.882638210505933607e+00,-6.859569984935447451e+00,-6.834919622270942519e+00,-6.808573945335603561e+00,-6.780354790378886776e+00,-6.750055258520717416e+00,-6.717435909276957773e+00,-6.682218376325145037e+00,-6.644077023896584500e+00,-6.602628175320842452e+00,-6.557416071737716123e+00,-6.507894289296749513e+00,-6.453400689212990038e+00,-6.393122910078738563e+00,-6.326049604164428963e+00,-6.250899421828678193e+00,-6.166013826643530926e+00,-6.069188269147086423e+00,-5.957392284012754224e+00,-5.849957697504285292e+00,-5.788460149502618890e+00,-5.749983417618866000e+00,-5.724635441552831772e+00,-5.707129603749586444e+00,-5.693100259652412731e+00,-5.675442367575448621e+00,-5.646395878273301250e+00,-5.612709210301125573e+00,-5.582718402214839948e+00,-5.558337708983443370e+00,-5.539088712657260771e+00,-5.523870950022713444e+00,-5.511654122177293225e+00,-5.501757887947477776e+00,-5.493723404844760516e+00,-5.487169514796206293e+00,-5.481767545175107337e+00,-5.477250323390746800e+00,-5.473417193957024196e+00,-5.470124635825830417e+00,-5.467268971916988463e+00,-5.464772292094858486e+00,-5.462574034068978790e+00,-5.460626118370282001e+00,-5.458889868265943690e+00
-6.885793550545553643e+00,-6.887129726102409144e+00,-6.888481584205304209e+00,-6.889733596718769171e+00,-6.890271637403142080e+00,-6.884315425589348614e+00,-6.864935689764974924e+00,-6.841600316775219071e+00,-6.816254240624938454e+00,-6.789007872274390287e+00,-6.759743382882243523e+00,-6.728269672349587616e+00,-6.694347579785219438e+00,-6.657691696559993488e+00,-6.617964758071887665e+00,-6.574767756393672613e+00,-6.527625971124737525e+00,-6.475969947584766295e+00,-6.419109498773969413e+00,-6.356197522362702301e+00,-6.286178311926701845e+00,-6.207711275298410492e+00,-6.119053870622290781e+00,-6.017873421690077329e+00,-5.900647904132855892e+00,-5.831925591732987968e+00,-5.789450735120457381e+00,-5.762163806962464996e+00,-5.744542946105740455e+00,-5.732838362488246631e+00,-5.719423542119181469e+00,-5.684511125233341566e+00,-5.643941583447289467e+00,-5.609843225979849635e+00,-5.582581908903569534e+00,-5.561022047483987762e+00,-5.543740414993208354e+00,-5.529549420124842740e+00,-5.517837358078724108e+00,-5.508207741149574233e+00,-5.500277880509155892e+00,-5.493699689116373186e+00,-5.488182648081252779e+00,-5.483498797395897739e+00,-5.479476403631126757e+00,-5.475987518993954417e+00,-5.472935553985437629e+00,-5.470245993549089469e+00,-5.467860193831596938e+00,-5.465731268805319232e+00
-6.889954512364179884e+00,-6.891125649203040382e+00,-6.892102920956243217e+00,-6.892501672182195449e+00,-6.891013387404029800e+00,-6.883593892146649296e+00,-6.867443273309121743e+00,-6.846286127810688349e+00,-6.822428085571687895e+00,-6.796438487036231102e+00,-6.768384813268100153e+00,-6.738167985944579996e+00,-6.705608705763806299e+00,-6.670471401328106786e+00,-6.632468588824536937e+00,-6.591256983678207781e+00,-6.546428531489957514e+00,-6.497496815274512727e+00,-6.443877972420041012e+00,-6.384864120322605530e+00,-6.319585763633340569e+00,-6.246957128085814936e+00,-6.165593785105774494e+00,-6.073683153589438000e+00,-5.949401293313409056e+00,-5.872976038769184726e+00,-5.825926578282799362e+00,-5.795888767901554495e+00,-5.776913902606456652e+00,-5.765815332006226868e+00,-5.760482421179471402e+00,-5.716122672670331362e+00,-5.670301626789977512e+00,-5.633549145812401626e+00,-5.604311673669790217e+00,-5.581098535835968377e+00,-5.562258841300954160e+00,-5.546402857457531255e+00,-5.533127536154979431e+00,-5.522116675784645601e+00,-5.512975598129687960e+00,-5.505339815881965748e+00,-5.498903695368422717e+00,-5.493422547319230631e+00,-5.488706421137722558e+00,-5.484610021051762097e+00,-5.481022012635175855e+00,-5.477856049265962923e+00,-5.475044133925019985e+00,-5.472531937477048025e+00
-6.893389258579420087e+00,-6.894224651052048181e+00,-6.894606490536388854e+00,-6.893956780386286454e+00,-6.890895906338410981e+00,-6.882916069188720343e+00,-6.868624028789363400e+00,-6.849550640944616298e+00,-6.827363856713025925e+00,-6.802798706482954927e+00,-6.776077946878401370e+00,-6.747200415236621396e+00,-6.716053855143218065e+00,-6.682456589743183351e+00,-6.646171754983027036e+00,-6.606909578090246704e+00,-6.564323182473554397e+00,-6.517999640650621096e+00,-6.467446269224357280e+00,-6.412070980652767815e+00,-6.351154192265629383e+00,-6.283807766529420746e+00,-6.208912834716606710e+00,-6.125021368432549629e+00,-5.996100586661050613e+00,-5.911463418996541819e+00,-5.859206245546982217e+00,-5.825464507532704062e+00,-5.803429771353304290e+00,-5.788878714354160238e+00,-5.774460650781330529e+00,-5.735270880371212243e+00,-5.690827504015840255e+00,-5.653586762027753565e+00,-5.623411623978163298e+00,-5.599206042264287753e+00,-5.579352204349012467e+00,-5.562085494236683303e+00,-5.547529427393263823e+00,-5.535373092023314179e+00,-5.525197533374830883e+00,-5.516632239731542597e+00,-5.509367605643737953e+00,-5.503152261498103215e+00,-5.497786650081417648e+00,-5.493114576644703817e+00,-5.489014201741522214e+00,-5.485389957029797259e+00,-5.482166099321112540e+00,-5.479281887652399874e+00
-6.896202954142489183e+00,-6.896605665699310883e+00,-6.896321078910648161e+00,-6.894709860939654433e+00,-6.890597132007605374e+00,-6.882401290767369950e+00,-6.869296570207318098e+00,-6.851933677895893915e+00,-6.831370000589365610e+00,-6.808276359019460600e+00,-6.782946911191618078e+00,-6.755454826364024612e+00,-6.725748587732079287e+00,-6.693698160667635122e+00,-6.659115067313143399e+00,-6.621759357797531109e+00,-6.581339293208017693e+00,-6.537506044796391080e+00,-6.489843893708627576e+00,-6.437855165708632477e+00,-6.380937798974222197e+00,-6.318351397428440208e+00,-6.249163857931449684e+00,-6.172163019348419155e+00,-6.040762475921660268e+00,-5.947423236587137119e+00,-5.889374714976084668e+00,-5.851093507708435837e+00,-5.824643339020108002e+00,-5.804281887570073017e+00,-5.781608781873955216e+00,-5.746415175670879449e+00,-5.706281234690759874e+00,-5.670219242538768967e+00,-5.639987632279680696e+00,-5.615258546002305451e+00,-5.594849230368136084e+00,-5.576472129255723331e+00,-5.560986485883240071e+00,-5.547933623748234844e+00,-5.536902868151943657e+00,-5.527538577872178394e+00,-5.519540171933640771e+00,-5.512659029386859366e+00,-5.506693429880445301e+00,-5.501481996397452612e+00,-5.496896458870860869e+00,-5.492834766259042212e+00,-5.489215232227446783e+00,-5.485971903867599586e+00
