"Longitude (x)","Latitude (y)","Station Name","Climate ID","Date/Time (LST)","Year","Month","Day","Time (LST)","Temp (°C)","Temp Flag","Dew Point Temp (°C)","Dew Point Temp Flag","Rel Hum (%)","Rel Hum Flag","Precip. Amount (mm)","Precip. Amount Flag","Wind Dir (10s deg)","Wind Dir Flag","Wind Spd (km/h)","Wind Spd Flag","Visibility (km)","Visibility Flag","Stn Press (kPa)","Stn Press Flag","Hmdx","Hmdx Flag","Wind Chill","Wind Chill Flag","Weather"
"-82.43","52.93","ATTAWAPISKAT A","6010400","2018-04-01 00:00","2018","04","01","00:00","-16.1","","-21.3","","65","","0.0","","","M","","M","16.1","","101.03","","","","","","NA"
"-82.43","52.93","ATTAWAPISKAT A","6010400","2018-04-01 01:00","2018","04","01","01:00","-17.7","","-21.9","","70","","0.0","","","M","","M","16.1","","101.01","","","","","","NA"
"-82.43","52.93","ATTAWAPISKAT A","6010400","2018-04-01 02:00","2018","04","01","02:00","-17.6","","-21.7","","71","","0.0","","","M","","M","16.1","","100.97","","","","","","NA"
"-82.43","52.93","ATTAWAPISKAT A","6010400","2018-04-01 03:00","2018","04","01","03:00","-19.1","","-22.2","","77","","0.0","","","M","","M","16.1","","100.96","","","","","","NA"
"-82.43","52.93","ATTAWAPISKAT A","6010400","2018-04-01 04:00","2018","04","01","04:00","-20.7","","-23.7","","77","","0.0","","","M","","M","16.1","","100.94","","","","","","NA"
"-82.43","52.93","ATTAWAPISKAT A","6010400","2018-04-01 05:00","2018","04","01","05:00","-21.7","","-24.1","","81","","0.0","","","M","","M","16.1","","100.95","","","","","","NA"
"-82.43","52.93","ATTAWAPISKAT A","6010400","2018-04-01 06:00","2018","04","01","06:00","-21.9","","-24.8","","78","","0.0","","","M","","M","16.1","","100.98","","","","","","NA"
"-82.43","52.93","ATTAWAPISKAT A","6010400","2018-04-01 07:00","2018","04","01","07:00","-20.7","","-23.7","","77","","0.0","","","M","","M","11.3","","100.98","","","","","","NA"
"-82.43","52.93","ATTAWAPISKAT A","6010400","2018-04-01 08:00","2018","04","01","08:00","-17.3","","-21.8","","68","","0.0","","","M","","M","16.1","","100.97","","","","","","NA"
"-82.43","52.93","ATTAWAPISKAT A","6010400","2018-04-01 09:00","2018","04","01","09:00","-13.1","","-20.9","","53","","0.0","","","M","","M","16.1","","100.92","","","","","","NA"
"-82.43","52.93","ATTAWAPISKAT A","6010400","2018-04-01 10:00","2018","04","01","10:00","-11.2","","-19.1","","53","","0.0","","","M","","M","16.1","","100.87","","","","","","NA"
"-82.43","52.93","ATTAWAPISKAT A","6010400","2018-04-01 11:00","2018","04","01","11:00","-10.3","","-19.1","","49","","0.0","","","M","","M","16.1","","100.83","","","","","","NA"
"-82.43","52.93","ATTAWAPISKAT A","6010400","2018-04-01 12:00","2018","04","01","12:00","-9.0","","-19.6","","42","","0.0","","","M","","M","16.1","","100.75","","","","","","NA"
"-82.43","52.93","ATTAWAPISKAT A","6010400","2018-04-01 13:00","2018","04","01","13:00","-8.8","","-19.9","","41","","0.0","","","M","","M","16.1","","100.70","","","","","","NA"
"-82.43","52.93","ATTAWAPISKAT A","6010400","2018-04-01 14:00","2018","04","01","14:00","-9.3","","-14.1","","69","","0.0","","","M","","M","8.1","","100.73","","","","","","Snow"
"-82.43","52.93","ATTAWAPISKAT A","6010400","2018-04-01 15:00","2018","04","01","15:00","-8.9","","-16.6","","54","","0.0","","","M","","M","16.1","","100.79","","","","","","NA"
"-82.43","52.93","ATTAWAPISKAT A","6010400","2018-04-01 16:00","2018","04","01","16:00","-8.9","","-18.4","","47","","0.0","","","M","","M","16.1","","100.86","","","","","","NA"
"-82.43","52.93","ATTAWAPISKAT A","6010400","2018-04-01 17:00","2018","04","01","17:00","-10.8","","-15.7","","68","","0.0","","","M","","M","16.1","","100.96","","","","","","Snow"
"-82.43","52.93","ATTAWAPISKAT A","6010400","2018-04-01 18:00","2018","04","01","18:00","-11.3","","-19.6","","51","","0.0","","","M","","M","16.1","","101.01","","","","","","NA"
"-82.43","52.93","ATTAWAPISKAT A","6010400","2018-04-01 19:00","2018","04","01","19:00","-13.7","","-22.8","","47","","0.0","","","M","","M","16.1","","101.11","","","","","","NA"
"-82.43","52.93","ATTAWAPISKAT A","6010400","2018-04-01 20:00","2018","04","01","20:00","-15.0","","-23.5","","49","","0.0","","","M","","M","16.1","","101.19","","","","","","NA"
"-82.43","52.93","ATTAWAPISKAT A","6010400","2018-04-01 21:00","2018","04","01","21:00","-15.7","","-24.2","","49","","0.0","","","M","","M","16.1","","101.24","","","","","","NA"
"-82.43","52.93","ATTAWAPISKAT A","6010400","2018-04-01 22:00","2018","04","01","22:00","-17.0","","-24.3","","54","","0.0","","","M","","M","16.1","","101.23","","","","","","NA"
"-82.43","52.93","ATTAWAPISKAT A","6010400","2018-04-01 23:00","2018","04","01","23:00","-21.5","","-25.7","","69","","0.0","","","M","","M","16.1","","101.22","","","","","","NA"
"-82.43","52.93","ATTAWAPISKAT A","6010400","2018-04-02 00:00","2018","04","02","00:00","-20.0","","-25.4","","63","","0.0","","","M","","M","16.1","","101.22","","","","","","NA"
"-82.43","52.93","ATTAWAPISKAT A","6010400","2018-04-02 01:00","2018","04","02","01:00","-20.8","","-26.0","","64","","0.0","","","M","","M","16.1","","101.22","","","","","","NA"
"-82.43","52.93","ATTAWAPISKAT A","6010400","2018-04-02 02:00","2018","04","02","02:00","-21.4","","-26.4","","65","","0.0","","","M","","M","16.1","","101.22","","","","","","NA"
"-82.43","52.93","ATTAWAPISKAT A","6010400","2018-04-02 03:00","2018","04","02","03:00","-22.7","","-26.9","","69","","0.0","","","M","","M","16.1","","101.23","","","","","","NA"
"-82.43","52.93","ATTAWAPISKAT A","6010400","2018-04-02 04:00","2018","04","02","04:00","-24.0","","-27.7","","72","","0.0","","","M","","M","16.1","","101.21","","","","","","NA"
"-82.43","52.93","ATTAWAPISKAT A","6010400","2018-04-02 05:00","2018","04","02","05:00","-24.2","","-27.8","","73","","0.0","","","M","","M","16.1","","101.23","","","","","","NA"
"-82.43","52.93","ATTAWAPISKAT A","6010400","2018-04-02 06:00","2018","04","02","06:00","-24.3","","-27.9","","73","","0.0","","","M","","M","16.1","","101.26","","","","","","NA"
"-82.43","52.93","ATTAWAPISKAT A","6010400","2018-04-02 07:00","2018","04","02","07:00","-23.7","","-27.5","","72","","0.0","","","M","","M","16.1","","101.31","","","","","","NA"
"-82.43","52.93","ATTAWAPISKAT A","6010400","2018-04-02 08:00","2018","04","02","08:00","-21.1","","-26.6","","62","","0.0","","","M","","M","16.1","","101.35","","","","","","NA"
"-82.43","52.93","ATTAWAPISKAT A","6010400","2018-04-02 09:00","2018","04","02","09:00","-18.3","","-25.4","","55","","0.0","","","M","","M","16.1","","101.38","","","","","","NA"
"-82.43","52.93","ATTAWAPISKAT A","6010400","2018-04-02 10:00","2018","04","02","10:00","-16.9","","-26.2","","45","","0.0","","","M","","M","16.1","","101.35","","","","","","NA"
"-82.43","52.93","ATTAWAPISKAT A","6010400","2018-04-02 11:00","2018","04","02","11:00","-16.2","","-26.3","","42","","0.0","","","M","","M","16.1","","101.37","","","","","","NA"
"-82.43","52.93","ATTAWAPISKAT A","6010400","2018-04-02 12:00","2018","04","02","12:00","-15.6","","-24.0","","49","","0.0","","","M","","M","16.1","","101.39","","","","","","NA"
"-82.43","52.93","ATTAWAPISKAT A","6010400","2018-04-02 13:00","2018","04","02","13:00","-15.0","","-23.9","","47","","0.0","","","M","","M","16.1","","101.40","","","","","","NA"
"-82.43","52.93","ATTAWAPISKAT A","6010400","2018-04-02 14:00","2018","04","02","14:00","-14.8","","-23.6","","48","","0.0","","","M","","M","16.1","","101.47","","","","","","NA"
"-82.43","52.93","ATTAWAPISKAT A","6010400","2018-04-02 15:00","2018","04","02","15:00","-15.3","","-24.8","","45","","0.0","","","M","","M","16.1","","101.51","","","","","","NA"
"-82.43","52.93","ATTAWAPISKAT A","6010400","2018-04-02 16:00","2018","04","02","16:00","-14.6","","-24.2","","45","","0.0","","","M","","M","16.1","","101.56","","","","","","NA"
"-82.43","52.93","ATTAWAPISKAT A","6010400","2018-04-02 17:00","2018","04","02","17:00","-14.9","","-24.4","","45","","0.0","","","M","","M","16.1","","101.63","","","","","","NA"
"-82.43","52.93","ATTAWAPISKAT A","6010400","2018-04-02 18:00","2018","04","02","18:00","-15.9","","-23.1","","55","","0.0","","","M","","M","16.1","","101.69","","","","","","NA"
"-82.43","52.93","ATTAWAPISKAT A","6010400","2018-04-02 19:00","2018","04","02","19:00","-17.3","","-23.7","","58","","0.0","","","M","","M","16.1","","101.82","","","","","","NA"
"-82.43","52.93","ATTAWAPISKAT A","6010400","2018-04-02 20:00","2018","04","02","20:00","-18.6","","-25.0","","58","","0.0","","","M","","M","16.1","","101.89","","","","","","NA"
"-82.43","52.93","ATTAWAPISKAT A","6010400","2018-04-02 21:00","2018","04","02","21:00","-20.2","","-26.1","","60","","0.0","","","M","","M","16.1","","101.92","","","","","","NA"
"-82.43","52.93","ATTAWAPISKAT A","6010400","2018-04-02 22:00","2018","04","02","22:00","-21.4","","-26.2","","66","","0.0","","","M","","M","16.1","","101.95","","","","","","NA"
"-82.43","52.93","ATTAWAPISKAT A","6010400","2018-04-02 23:00","2018","04","02","23:00","-21.6","","-26.0","","68","","0.0","","","M","","M","16.1","","102.00","","","","","","NA"
"-82.43","52.93","ATTAWAPISKAT A","6010400","2018-04-03 00:00","2018","04","03","00:00","-22.3","","-26.4","","70","","0.0","","","M","","M","16.1","","102.06","","","","","","NA"
"-82.43","52.93","ATTAWAPISKAT A","6010400","2018-04-03 01:00","2018","04","03","01:00","-23.3","","-26.7","","74","","0.0","","","M","","M","16.1","","102.11","","","","","","NA"
"-82.43","52.93","ATTAWAPISKAT A","6010400","2018-04-03 02:00","2018","04","03","02:00","-24.3","","-27.4","","76","","0.0","","","M","","M","16.1","","102.15","","","","","","NA"
"-82.43","52.93","ATTAWAPISKAT A","6010400","2018-04-03 03:00","2018","04","03","03:00","-24.8","","-27.9","","76","","0.0","","","M","","M","16.1","","102.19","","","","","","NA"
"-82.43","52.93","ATTAWAPISKAT A","6010400","2018-04-03 04:00","2018","04","03","04:00","-24.9","","-28.0","","76","","0.0","","","M","","M","16.1","","102.22","","","","","","NA"
"-82.43","52.93","ATTAWAPISKAT A","6010400","2018-04-03 05:00","2018","04","03","05:00","-25.2","","-28.0","","78","","0.0","","","M","","M","16.1","","102.26","","","","","","NA"
"-82.43","52.93","ATTAWAPISKAT A","6010400","2018-04-03 06:00","2018","04","03","06:00","-25.9","","-28.7","","78","","0.0","","","M","","M","16.1","","102.30","","","","","","NA"
"-82.43","52.93","ATTAWAPISKAT A","6010400","2018-04-03 07:00","2018","04","03","07:00","-24.4","","-27.4","","77","","0.0","","","M","","M","16.1","","102.33","","","","","","NA"
"-82.43","52.93","ATTAWAPISKAT A","6010400","2018-04-03 08:00","2018","04","03","08:00","-20.3","","-24.3","","71","","0.0","","","M","","M","16.1","","102.35","","","","","","NA"
"-82.43","52.93","ATTAWAPISKAT A","6010400","2018-04-03 09:00","2018","04","03","09:00","-15.8","","-23.3","","53","","0.0","","","M","","M","16.1","","102.35","","","","","","NA"
"-82.43","52.93","ATTAWAPISKAT A","6010400","2018-04-03 10:00","2018","04","03","10:00","-13.7","","-23.2","","45","","0.0","","","M","","M","16.1","","102.32","","","","","","NA"
"-82.43","52.93","ATTAWAPISKAT A","6010400","2018-04-03 11:00","2018","04","03","11:00","-12.4","","-21.6","","47","","0.0","","","M","","M","16.1","","102.29","","","","","","NA"
"-82.43","52.93","ATTAWAPISKAT A","6010400","2018-04-03 12:00","2018","04","03","12:00","-11.5","","-20.7","","47","","0.0","","","M","","M","16.1","","102.26","","","","","","NA"
"-82.43","52.93","ATTAWAPISKAT A","6010400","2018-04-03 13:00","2018","04","03","13:00","-10.6","","-20.5","","45","","0.0","","","M","","M","16.1","","102.22","","","","","","NA"
"-82.43","52.93","ATTAWAPISKAT A","6010400","2018-04-03 14:00","2018","04","03","14:00","-10.6","","-20.1","","46","","0.0","","","M","","M","16.1","","102.19","","","","","","NA"
"-82.43","52.93","ATTAWAPISKAT A","6010400","2018-04-03 15:00","2018","04","03","15:00","-9.9","","-21.2","","40","","0.0","","","M","","M","16.1","","102.16","","","","","","NA"
"-82.43","52.93","ATTAWAPISKAT A","6010400","2018-04-03 16:00","2018","04","03","16:00","-9.2","","-22.1","","35","","0.0","","","M","","M","16.1","","102.14","","","","","","NA"
"-82.43","52.93","ATTAWAPISKAT A","6010400","2018-04-03 17:00","2018","04","03","17:00","-9.7","","-20.4","","42","","0.0","","","M","","M","16.1","","102.13","","","","","","NA"
"-82.43","52.93","ATTAWAPISKAT A","6010400","2018-04-03 18:00","2018","04","03","18:00","-10.1","","-21.0","","41","","0.0","","","M","","M","16.1","","102.12","","","","","","NA"
"-82.43","52.93","ATTAWAPISKAT A","6010400","2018-04-03 19:00","2018","04","03","19:00","-12.2","","-17.9","","63","","0.0","","","M","","M","16.1","","102.10","","","","","","NA"
"-82.43","52.93","ATTAWAPISKAT A","6010400","2018-04-03 20:00","2018","04","03","20:00","-15.3","","-18.6","","76","","0.0","","","M","","M","16.1","","102.12","","","","","","NA"
"-82.43","52.93","ATTAWAPISKAT A","6010400","2018-04-03 21:00","2018","04","03","21:00","-15.9","","-19.7","","73","","0.0","","","M","","M","16.1","","102.13","","","","","","NA"
"-82.43","52.93","ATTAWAPISKAT A","6010400","2018-04-03 22:00","2018","04","03","22:00","-16.8","","-21.0","","71","","0.0","","","M","","M","16.1","","102.10","","","","","","NA"
"-82.43","52.93","ATTAWAPISKAT A","6010400","2018-04-03 23:00","2018","04","03","23:00","-17.4","","-21.7","","70","","0.0","","","M","","M","16.1","","102.10","","","","","","NA"
"-82.43","52.93","ATTAWAPISKAT A","6010400","2018-04-04 00:00","2018","04","04","00:00","-18.3","","-22.5","","70","","0.0","","","M","","M","16.1","","102.13","","","","","","NA"
"-82.43","52.93","ATTAWAPISKAT A","6010400","2018-04-04 01:00","2018","04","04","01:00","-21.4","","-24.6","","76","","0.0","","","M","","M","9.7","","102.10","","","","","","Haze"
"-82.43","52.93","ATTAWAPISKAT A","6010400","2018-04-04 02:00","2018","04","04","02:00","-22.3","","-25.3","","77","","0.0","","","M","","M","6.4","","102.09","","","","","","Haze"
"-82.43","52.93","ATTAWAPISKAT A","6010400","2018-04-04 03:00","2018","04","04","03:00","-23.9","","-26.5","","79","","0.0","","","M","","M","16.1","","102.08","","","","","","NA"
"-82.43","52.93","ATTAWAPISKAT A","6010400","2018-04-04 04:00","2018","04","04","04:00","-24.9","","-28.0","","76","","0.0","","","M","","M","12.9","","102.06","","","","","","NA"
"-82.43","52.93","ATTAWAPISKAT A","6010400","2018-04-04 05:00","2018","04","04","05:00","-26.4","","-29.9","","73","","0.0","","","M","","M","16.1","","102.00","","","","","","NA"
"-82.43","52.93","ATTAWAPISKAT A","6010400","2018-04-04 06:00","2018","04","04","06:00","-27.3","","-30.7","","74","","0.0","","","M","","M","16.1","","101.99","","","","","","NA"
"-82.43","52.93","ATTAWAPISKAT A","6010400","2018-04-04 07:00","2018","04","04","07:00","-25.5","","-28.6","","76","","0.0","","","M","","M","16.1","","102.00","","","","","","NA"
"-82.43","52.93","ATTAWAPISKAT A","6010400","2018-04-04 08:00","2018","04","04","08:00","-18.2","","-22.6","","69","","0.0","","","M","","M","6.4","","101.99","","","","","","Haze"
"-82.43","52.93","ATTAWAPISKAT A","6010400","2018-04-04 09:00","2018","04","04","09:00","-14.6","","-21.4","","57","","0.0","","","M","","M","16.1","","101.96","","","","","","NA"
"-82.43","52.93","ATTAWAPISKAT A","6010400","2018-04-04 10:00","2018","04","04","10:00","-12.4","","-24.0","","38","","0.0","","","M","","M","16.1","","101.92","","","","","","NA"
"-82.43","52.93","ATTAWAPISKAT A","6010400","2018-04-04 11:00","2018","04","04","11:00","-10.8","","-22.6","","38","","0.0","","","M","","M","16.1","","101.87","","","","","","NA"
"-82.43","52.93","ATTAWAPISKAT A","6010400","2018-04-04 12:00","2018","04","04","12:00","-10.2","","-22.3","","37","","0.0","","","M","","M","16.1","","101.79","","","","","","NA"
"-82.43","52.93","ATTAWAPISKAT A","6010400","2018-04-04 13:00","2018","04","04","13:00","-9.9","","-21.7","","38","","0.0","","","M","","M","16.1","","101.76","","","","","","NA"
"-82.43","52.93","ATTAWAPISKAT A","6010400","2018-04-04 14:00","2018","04","04","14:00","-10.3","","-21.5","","40","","0.0","","","M","","M","16.1","","101.74","","","","","","NA"
"-82.43","52.93","ATTAWAPISKAT A","6010400","2018-04-04 15:00","2018","04","04","15:00","-10.2","","-20.7","","42","","0.0","","","M","","M","16.1","","101.73","","","","","","NA"
"-82.43","52.93","ATTAWAPISKAT A","6010400","2018-04-04 16:00","2018","04","04","16:00","-10.4","","-22.0","","39","","0.0","","","M","","M","16.1","","101.70","","","","","","NA"
"-82.43","52.93","ATTAWAPISKAT A","6010400","2018-04-04 17:00","2018","04","04","17:00","-10.7","","-21.3","","42","","0.0","","","M","","M","16.1","","101.70","","","","","","NA"
"-82.43","52.93","ATTAWAPISKAT A","6010400","2018-04-04 18:00","2018","04","04","18:00","-11.4","","-21.1","","45","","0.0","","","M","","M","16.1","","101.70","","","","","","NA"
"-82.43","52.93","ATTAWAPISKAT A","6010400","2018-04-04 19:00","2018","04","04","19:00","-12.8","","-20.3","","54","","0.0","","","M","","M","16.1","","101.71","","","","","","NA"
"-82.43","52.93","ATTAWAPISKAT A","6010400","2018-04-04 20:00","2018","04","04","20:00","-14.9","","-19.6","","68","","0.0","","","M","","M","16.1","","101.72","","","","","","NA"
"-82.43","52.93","ATTAWAPISKAT A","6010400","2018-04-04 21:00","2018","04","04","21:00","-18.2","","-21.4","","77","","0.0","","","M","","M","16.1","","101.69","","","","","","NA"
"-82.43","52.93","ATTAWAPISKAT A","6010400","2018-04-04 22:00","2018","04","04","22:00","-20.5","","-23.7","","76","","0.0","","","M","","M","14.5","","101.64","","","","","","NA"
"-82.43","52.93","ATTAWAPISKAT A","6010400","2018-04-04 23:00","2018","04","04","23:00","-22.1","","-25.4","","75","","0.0","","","M","","M","16.1","","101.62","","","","","","NA"
"-82.43","52.93","ATTAWAPISKAT A","6010400","2018-04-05 00:00","2018","04","05","00:00","-23.2","","-26.2","","77","","0.0","","","M","","M","12.9","","101.60","","","","","","NA"
"-82.43","52.93","ATTAWAPISKAT A","6010400","2018-04-05 01:00","2018","04","05","01:00","-23.7","","-26.8","","76","","0.0","","","M","","M","16.1","","101.58","","","","","","NA"
"-82.43","52.93","ATTAWAPISKAT A","6010400","2018-04-05 02:00","2018","04","05","02:00","-24.0","","-27.0","","77","","0.0","","","M","","M","16.1","","101.56","","","","","","NA"
"-82.43","52.93","ATTAWAPISKAT A","6010400","2018-04-05 03:00","2018","04","05","03:00","-22.9","","-25.3","","81","","0.0","","","M","","M","4.8","","101.51","","","","","","Fog"
"-82.43","52.93","ATTAWAPISKAT A","6010400","2018-04-05 04:00","2018","04","05","04:00","-23.1","","-25.7","","80","","0.0","","","M","","M","9.7","","101.47","","","","","","Haze"
"-82.43","52.93","ATTAWAPISKAT A","6010400","2018-04-05 05:00","2018","04","05","05:00","-24.8","","-27.6","","78","","0.0","","","M","","M","16.1","","101.46","","","","","","NA"
"-82.43","52.93","ATTAWAPISKAT A","6010400","2018-04-05 06:00","2018","04","05","06:00","-22.6","","-25.2","","80","","0.0","","","M","","M","8.1","","101.42","","","","","","Fog"
"-82.43","52.93","ATTAWAPISKAT A","6010400","2018-04-05 07:00","2018","04","05","07:00","-19.0","","-22.6","","74","","0.0","","","M","","M","14.5","","101.34","","","","","","NA"
"-82.43","52.93","ATTAWAPISKAT A","6010400","2018-04-05 08:00","2018","04","05","08:00","-15.1","","-21.2","","60","","0.0","","","M","","M","16.1","","101.29","","","","","","NA"
"-82.43","52.93","ATTAWAPISKAT A","6010400","2018-04-05 09:00","2018","04","05","09:00","-12.5","","-20.3","","53","","0.0","","","M","","M","16.1","","101.23","","","","","","NA"
"-82.43","52.93","ATTAWAPISKAT A","6010400","2018-04-05 10:00","2018","04","05","10:00","-11.1","","-21.3","","43","","0.0","","","M","","M","16.1","","101.21","","","","","","NA"
"-82.43","52.93","ATTAWAPISKAT A","6010400","2018-04-05 11:00","2018","04","05","11:00","-7.9","","-19.3","","40","","0.0","","","M","","M","16.1","","101.16","","","","","","NA"
"-82.43","52.93","ATTAWAPISKAT A","6010400","2018-04-05 12:00","2018","04","05","12:00","-6.9","","-18.9","","39","","0.0","","","M","","M","16.1","","101.11","","","","","","NA"
"-82.43","52.93","ATTAWAPISKAT A","6010400","2018-04-05 13:00","2018","04","05","13:00","-5.9","","-18.9","","36","","0.0","","","M","","M","16.1","","101.04","","","","","","NA"
"-82.43","52.93","ATTAWAPISKAT A","6010400","2018-04-05 14:00","2018","04","05","14:00","-5.4","","-18.9","","34","","0.0","","","M","","M","16.1","","101.00","","","","","","NA"
"-82.43","52.93","ATTAWAPISKAT A","6010400","2018-04-05 15:00","2018","04","05","15:00","-5.0","","-18.3","","35","","0.0","","","M","","M","14.5","","100.95","","","","","","NA"
"-82.43","52.93","ATTAWAPISKAT A","6010400","2018-04-05 16:00","2018","04","05","16:00","-4.4","","-18.1","","34","","0.0","","","M","","M","16.1","","100.91","","","","","","NA"
"-82.43","52.93","ATTAWAPISKAT A","6010400","2018-04-05 17:00","2018","04","05","17:00","-4.5","","-17.4","","36","","0.0","","","M","","M","16.1","","100.89","","","","","","NA"
"-82.43","52.93","ATTAWAPISKAT A","6010400","2018-04-05 18:00","2018","04","05","18:00","-5.4","","-17.8","","38","","0.0","","","M","","M","16.1","","100.85","","","","","","NA"
"-82.43","52.93","ATTAWAPISKAT A","6010400","2018-04-05 19:00","2018","04","05","19:00","-6.2","","-17.7","","40","","0.0","","","M","","M","16.1","","100.81","","","","","","NA"
"-82.43","52.93","ATTAWAPISKAT A","6010400","2018-04-05 20:00","2018","04","05","20:00","-9.0","","-16.2","","56","","0.0","","","M","","M","16.1","","100.80","","","","","","NA"
"-82.43","52.93","ATTAWAPISKAT A","6010400","2018-04-05 21:00","2018","04","05","21:00","-10.6","","-17.2","","59","","0.0","","","M","","M","16.1","","100.77","","","","","","NA"
"-82.43","52.93","ATTAWAPISKAT A","6010400","2018-04-05 22:00","2018","04","05","22:00","-11.7","","-18.0","","60","","0.0","","","M","","M","12.9","","100.71","","","","","","NA"
"-82.43","52.93","ATTAWAPISKAT A","6010400","2018-04-05 23:00","2018","04","05","23:00","-12.5","","-18.0","","64","","0.0","","","M","","M","9.7","","100.63","","","","","","Haze"
"-82.43","52.93","ATTAWAPISKAT A","6010400","2018-04-06 00:00","2018","04","06","00:00","-13.1","","-18.2","","66","","0.0","","","M","","M","8.1","","100.56","","","","","","Haze"
"-82.43","52.93","ATTAWAPISKAT A","6010400","2018-04-06 01:00","2018","04","06","01:00","-14.0","","-18.7","","68","","0.0","","","M","","M","16.1","","100.51","","","","","","NA"
"-82.43","52.93","ATTAWAPISKAT A","6010400","2018-04-06 02:00","2018","04","06","02:00","-14.3","","-19.2","","67","","0.0","","","M","","M","16.1","","100.44","","","","","","NA"
"-82.43","52.93","ATTAWAPISKAT A","6010400","2018-04-06 03:00","2018","04","06","03:00","-14.9","","-19.3","","70","","0.0","","","M","","M","16.1","","100.39","","","","","","NA"
"-82.43","52.93","ATTAWAPISKAT A","6010400","2018-04-06 04:00","2018","04","06","04:00","-18.7","","-21.5","","79","","0.0","","","M","","M","16.1","","100.34","","","","","","NA"
"-82.43","52.93","ATTAWAPISKAT A","6010400","2018-04-06 05:00","2018","04","06","05:00","-19.5","","-22.0","","81","","0.0","","","M","","M","16.1","","100.29","","","","","","NA"
"-82.43","52.93","ATTAWAPISKAT A","6010400","2018-04-06 06:00","2018","04","06","06:00","-20.1","","-22.6","","81","","0.0","","","M","","M","16.1","","100.26","","","","","","NA"
"-82.43","52.93","ATTAWAPISKAT A","6010400","2018-04-06 07:00","2018","04","06","07:00","-19.3","","-21.7","","82","","0.0","","","M","","M","16.1","","100.25","","","","","","NA"
"-82.43","52.93","ATTAWAPISKAT A","6010400","2018-04-06 08:00","2018","04","06","08:00","-12.4","","-17.8","","64","","0.0","","","M","","M","16.1","","100.22","","","","","","NA"
"-82.43","52.93","ATTAWAPISKAT A","6010400","2018-04-06 09:00","2018","04","06","09:00","-9.9","","-15.4","","65","","0.0","","","M","","M","16.1","","100.20","","","","","","NA"
"-82.43","52.93","ATTAWAPISKAT A","6010400","2018-04-06 10:00","2018","04","06","10:00","-8.1","","-13.9","","63","","0.0","","","M","","M","14.5","","100.17","","","","","","NA"
"-82.43","52.93","ATTAWAPISKAT A","6010400","2018-04-06 11:00","2018","04","06","11:00","-7.2","","-14.0","","59","","0.0","","","M","","M","16.1","","100.13","","","","","","NA"
"-82.43","52.93","ATTAWAPISKAT A","6010400","2018-04-06 12:00","2018","04","06","12:00","-7.1","","-15.1","","53","","0.0","","","M","","M","12.9","","100.11","","","","","","NA"
"-82.43","52.93","ATTAWAPISKAT A","6010400","2018-04-06 13:00","2018","04","06","13:00","-7.2","","-15.1","","54","","0.0","","","M","","M","16.1","","100.13","","","","","","NA"
"-82.43","52.93","ATTAWAPISKAT A","6010400","2018-04-06 14:00","2018","04","06","14:00","-6.8","","-14.3","","55","","0.0","","","M","","M","16.1","","100.15","","","","","","NA"
"-82.43","52.93","ATTAWAPISKAT A","6010400","2018-04-06 15:00","2018","04","06","15:00","-7.8","","-15.2","","56","","0.0","","","M","","M","16.1","","100.18","","","","","","NA"
"-82.43","52.93","ATTAWAPISKAT A","6010400","2018-04-06 16:00","2018","04","06","16:00","-8.4","","-14.1","","64","","0.0","","","M","","M","16.1","","100.24","","","","","","Snow"
"-82.43","52.93","ATTAWAPISKAT A","6010400","2018-04-06 17:00","2018","04","06","17:00","-8.0","","-14.6","","60","","0.0","","","M","","M","16.1","","100.23","","","","","","NA"
"-82.43","52.93","ATTAWAPISKAT A","6010400","2018-04-06 18:00","2018","04","06","18:00","-8.6","","-14.4","","63","","0.0","","","M","","M","16.1","","100.24","","","","","","NA"
"-82.43","52.93","ATTAWAPISKAT A","6010400","2018-04-06 19:00","2018","04","06","19:00","-9.1","","-12.2","","78","","0.0","","","M","","M","16.1","","100.26","","","","","","NA"
"-82.43","52.93","ATTAWAPISKAT A","6010400","2018-04-06 20:00","2018","04","06","20:00","-9.4","","-12.1","","81","","0.0","","","M","","M","16.1","","100.29","","","","","","Snow"
"-82.43","52.93","ATTAWAPISKAT A","6010400","2018-04-06 21:00","2018","04","06","21:00","-10.0","","-12.8","","80","","0.0","","","M","","M","16.1","","100.32","","","","","","NA"
"-82.43","52.93","ATTAWAPISKAT A","6010400","2018-04-06 22:00","2018","04","06","22:00","-10.5","","-12.8","","84","","0.0","","","M","","M","8.1","","100.33","","","","","","Snow"
"-82.43","52.93","ATTAWAPISKAT A","6010400","2018-04-06 23:00","2018","04","06","23:00","-11.7","","-14.5","","80","","0.0","","","M","","M","16.1","","100.35","","","","","","Snow"
"-82.43","52.93","ATTAWAPISKAT A","6010400","2018-04-07 00:00","2018","04","07","00:00","-12.0","","-15.1","","78","","0.0","","","M","","M","16.1","","100.38","","","","","","Snow"
"-82.43","52.93","ATTAWAPISKAT A","6010400","2018-04-07 01:00","2018","04","07","01:00","-13.1","","-15.9","","80","","0.0","","","M","","M","9.7","","100.43","","","","","","Snow"
"-82.43","52.93","ATTAWAPISKAT A","6010400","2018-04-07 02:00","2018","04","07","02:00","-14.7","","-17.1","","82","","0.0","","","M","","M","16.1","","100.47","","","","","","NA"
"-82.43","52.93","ATTAWAPISKAT A","6010400","2018-04-07 03:00","2018","04","07","03:00","-15.1","","-18.3","","77","","0.0","","","M","","M","12.9","","100.48","","","","","","NA"
"-82.43","52.93","ATTAWAPISKAT A","6010400","2018-04-07 04:00","2018","04","07","04:00","-16.0","","-19.0","","78","","0.0","","","M","","M","16.1","","100.53","","","","","","NA"
"-82.43","52.93","ATTAWAPISKAT A","6010400","2018-04-07 05:00","2018","04","07","05:00","-17.6","","-20.6","","78","","0.0","","","M","","M","16.1","","100.57","","","","","","NA"
"-82.43","52.93","ATTAWAPISKAT A","6010400","2018-04-07 06:00","2018","04","07","06:00","-18.0","","-20.5","","81","","0.0","","","M","","M","16.1","","100.59","","","","","","NA"
"-82.43","52.93","ATTAWAPISKAT A","6010400","2018-04-07 07:00","2018","04","07","07:00","-17.8","","-20.6","","79","","0.0","","","M","","M","16.1","","100.62","","","","","","NA"
"-82.43","52.93","ATTAWAPISKAT A","6010400","2018-04-07 08:00","2018","04","07","08:00","-16.4","","-19.7","","76","","0.0","","","M","","M","16.1","","100.64","","","","","","NA"
"-82.43","52.93","ATTAWAPISKAT A","6010400","2018-04-07 09:00","2018","04","07","09:00","-14.4","","-18.3","","72","","0.0","","","M","","M","9.7","","100.66","","","","","","Haze"
"-82.43","52.93","ATTAWAPISKAT A","6010400","2018-04-07 10:00","2018","04","07","10:00","-13.0","","-17.4","","70","","0.0","","","M","","M","8.1","","100.71","","","","","","Haze"
"-82.43","52.93","ATTAWAPISKAT A","6010400","2018-04-07 11:00","2018","04","07","11:00","-12.0","","-16.2","","71","","0.0","","","M","","M","6.4","","100.74","","","","","","Snow"
"-82.43","52.93","ATTAWAPISKAT A","6010400","2018-04-07 12:00","2018","04","07","12:00","-11.8","","-16.1","","71","","0.0","","","M","","M","16.1","","100.78","","","","","","NA"
"-82.43","52.93","ATTAWAPISKAT A","6010400","2018-04-07 13:00","2018","04","07","13:00","-11.4","","-15.9","","70","","0.0","","","M","","M","4.8","","100.82","","","","","","Snow"
"-82.43","52.93","ATTAWAPISKAT A","6010400","2018-04-07 14:00","2018","04","07","14:00","-11.2","","-16.3","","66","","0.0","","","M","","M","14.5","","100.89","","","","","","NA"
"-82.43","52.93","ATTAWAPISKAT A","6010400","2018-04-07 15:00","2018","04","07","15:00","-10.9","","-16.2","","65","","0.0","","","M","","M","16.1","","100.94","","","","","","NA"
"-82.43","52.93","ATTAWAPISKAT A","6010400","2018-04-07 16:00","2018","04","07","16:00","-10.4","","-17.2","","58","","0.0","","","M","","M","16.1","","100.97","","","","","","NA"
"-82.43","52.93","ATTAWAPISKAT A","6010400","2018-04-07 17:00","2018","04","07","17:00","-10.9","","-16.8","","62","","0.0","","","M","","M","16.1","","101.04","","","","","","NA"
"-82.43","52.93","ATTAWAPISKAT A","6010400","2018-04-07 18:00","2018","04","07","18:00","-11.2","","-15.8","","69","","0.0","","","M","","M","9.7","","101.08","","","","","","Snow"
"-82.43","52.93","ATTAWAPISKAT A","6010400","2018-04-07 19:00","2018","04","07","19:00","-11.8","","-15.1","","77","","0.0","","","M","","M","12.9","","101.11","","","","","","Snow"
"-82.43","52.93","ATTAWAPISKAT A","6010400","2018-04-07 20:00","2018","04","07","20:00","-12.5","","-15.1","","81","","0.0","","","M","","M","12.9","","101.14","","","","","","Snow"
"-82.43","52.93","ATTAWAPISKAT A","6010400","2018-04-07 21:00","2018","04","07","21:00","-13.0","","-15.2","","84","","0.0","","","M","","M","12.9","","101.15","","","","","","Snow"
"-82.43","52.93","ATTAWAPISKAT A","6010400","2018-04-07 22:00","2018","04","07","22:00","-13.0","","-15.0","","85","","0.0","","","M","","M","8.1","","101.15","","","","","","Snow"
"-82.43","52.93","ATTAWAPISKAT A","6010400","2018-04-07 23:00","2018","04","07","23:00","-13.0","","-14.9","","86","","0.0","","","M","","M","4.0","","101.13","","","","","","Snow"
"-82.43","52.93","ATTAWAPISKAT A","6010400","2018-04-08 00:00","2018","04","08","00:00","-12.8","","-14.7","","86","","0.0","","","M","","M","6.4","","101.11","","","","","","Snow"
"-82.43","52.93","ATTAWAPISKAT A","6010400","2018-04-08 01:00","2018","04","08","01:00","-12.8","","-14.7","","86","","350.3","","","M","","M","9.7","","101.11","","","","","","Snow"
"-82.43","52.93","ATTAWAPISKAT A","6010400","2018-04-08 02:00","2018","04","08","02:00","-14.1","","-15.8","","87","","","M","","M","","M","16.1","","101.12","","","","","","Snow"
"-82.43","52.93","ATTAWAPISKAT A","6010400","2018-04-08 03:00","2018","04","08","03:00","-14.3","","-16.3","","85","","","M","","M","","M","16.1","","101.16","","","","","","NA"
"-82.43","52.93","ATTAWAPISKAT A","6010400","2018-04-08 04:00","2018","04","08","04:00","-15.7","","-17.4","","87","","","M","","M","","M","16.1","","101.19","","","","","","NA"
"-82.43","52.93","ATTAWAPISKAT A","6010400","2018-04-08 05:00","2018","04","08","05:00","-16.7","","-18.4","","87","","","M","","M","","M","16.1","","101.20","","","","","","NA"
"-82.43","52.93","ATTAWAPISKAT A","6010400","2018-04-08 06:00","2018","04","08","06:00","-15.9","","-17.6","","87","","","M","","M","","M","16.1","","101.27","","","","","","NA"
"-82.43","52.93","ATTAWAPISKAT A","6010400","2018-04-08 07:00","2018","04","08","07:00","-14.5","","-16.4","","86","","","M","","M","","M","16.1","","101.30","","","","","","Snow"
"-82.43","52.93","ATTAWAPISKAT A","6010400","2018-04-08 08:00","2018","04","08","08:00","-12.7","","-15.6","","79","","","M","","M","","M","16.1","","101.36","","","","","","NA"
"-82.43","52.93","ATTAWAPISKAT A","6010400","2018-04-08 09:00","2018","04","08","09:00","-11.6","","-15.2","","75","","","M","","M","","M","11.3","","101.39","","","","","","NA"
"-82.43","52.93","ATTAWAPISKAT A","6010400","2018-04-08 10:00","2018","04","08","10:00","-10.3","","-14.3","","73","","","M","","M","","M","11.3","","101.44","","","","","","Snow"
"-82.43","52.93","ATTAWAPISKAT A","6010400","2018-04-08 11:00","2018","04","08","11:00","-9.7","","-13.8","","72","","","M","","M","","M","4.8","","101.47","","","","","","Snow"
"-82.43","52.93","ATTAWAPISKAT A","6010400","2018-04-08 12:00","2018","04","08","12:00","-8.9","","-14.3","","65","","","M","","M","","M","16.1","","101.51","","","","","","Snow"
"-82.43","52.93","ATTAWAPISKAT A","6010400","2018-04-08 13:00","2018","04","08","13:00","-7.8","","-13.3","","65","","","M","","M","","M","16.1","","101.54","","","","","","NA"
"-82.43","52.93","ATTAWAPISKAT A","6010400","2018-04-08 14:00","2018","04","08","14:00","-7.7","","-13.5","","64","","","M","","M","","M","16.1","","101.59","","","","","","NA"
"-82.43","52.93","ATTAWAPISKAT A","6010400","2018-04-08 15:00","2018","04","08","15:00","-7.2","","-13.1","","63","","","M","","M","","M","16.1","","101.64","","","","","","Snow"
"-82.43","52.93","ATTAWAPISKAT A","6010400","2018-04-08 16:00","2018","04","08","16:00","-7.0","","-12.6","","65","","","M","","M","","M","16.1","","101.69","","","","","","Snow"
"-82.43","52.93","ATTAWAPISKAT A","6010400","2018-04-08 17:00","2018","04","08","17:00","-7.2","","-11.8","","70","","","M","","M","","M","16.1","","101.73","","","","","","Snow"
"-82.43","52.93","ATTAWAPISKAT A","6010400","2018-04-08 18:00","2018","04","08","18:00","-7.4","","-11.8","","71","","","M","","M","","M","16.1","","101.78","","","","","","Snow"
"-82.43","52.93","ATTAWAPISKAT A","6010400","2018-04-08 19:00","2018","04","08","19:00","-7.8","","-12.2","","71","","","M","","M","","M","16.1","","101.82","","","","","","Snow"
"-82.43","52.93","ATTAWAPISKAT A","6010400","2018-04-08 20:00","2018","04","08","20:00","-8.0","","-11.9","","74","","","M","","M","","M","16.1","","101.86","","","","","","NA"
"-82.43","52.93","ATTAWAPISKAT A","6010400","2018-04-08 21:00","2018","04","08","21:00","-8.1","","-11.6","","76","","","M","","M","","M","16.1","","101.89","","","","","","NA"
"-82.43","52.93","ATTAWAPISKAT A","6010400","2018-04-08 22:00","2018","04","08","22:00","-8.2","","-12.2","","73","","","M","","M","","M","16.1","","101.92","","","","","","NA"
"-82.43","52.93","ATTAWAPISKAT A","6010400","2018-04-08 23:00","2018","04","08","23:00","-8.4","","-13.7","","66","","","M","","M","","M","16.1","","101.95","","","","","","NA"
"-82.43","52.93","ATTAWAPISKAT A","6010400","2018-04-09 00:00","2018","04","09","00:00","-9.7","","-13.4","","75","","","M","","M","","M","16.1","","101.97","","","","","","NA"
"-82.43","52.93","ATTAWAPISKAT A","6010400","2018-04-09 01:00","2018","04","09","01:00","-10.8","","-14.1","","77","","","M","","M","","M","16.1","","102.00","","","","","","NA"
"-82.43","52.93","ATTAWAPISKAT A","6010400","2018-04-09 02:00","2018","04","09","02:00","-11.5","","-14.3","","80","","","M","","M","","M","16.1","","101.99","","","","","","NA"
"-82.43","52.93","ATTAWAPISKAT A","6010400","2018-04-09 03:00","2018","04","09","03:00","-13.0","","-14.9","","86","","","M","","M","","M","16.1","","101.98","","","","","","NA"
"-82.43","52.93","ATTAWAPISKAT A","6010400","2018-04-09 04:00","2018","04","09","04:00","-13.4","","-15.3","","86","","","M","","M","","M","16.1","","101.98","","","","","","NA"
"-82.43","52.93","ATTAWAPISKAT A","6010400","2018-04-09 05:00","2018","04","09","05:00","-13.4","","-15.4","","85","","","M","","M","","M","16.1","","102.01","","","","","","NA"
"-82.43","52.93","ATTAWAPISKAT A","6010400","2018-04-09 06:00","2018","04","09","06:00","-12.6","","-14.6","","85","","","M","","M","","M","12.9","","102.07","","","","","","Snow"
"-82.43","52.93","ATTAWAPISKAT A","6010400","2018-04-09 07:00","2018","04","09","07:00","-12.0","","-14.3","","83","","","M","","M","","M","16.1","","102.09","","","","","","NA"
"-82.43","52.93","ATTAWAPISKAT A","6010400","2018-04-09 08:00","2018","04","09","08:00","-10.8","","-14.7","","73","","","M","","M","","M","16.1","","102.11","","","","","","NA"
"-82.43","52.93","ATTAWAPISKAT A","6010400","2018-04-09 09:00","2018","04","09","09:00","-9.6","","-14.6","","67","","","M","","M","","M","16.1","","102.12","","","","","","NA"
"-82.43","52.93","ATTAWAPISKAT A","6010400","2018-04-09 10:00","2018","04","09","10:00","-8.1","","-14.1","","62","","","M","","M","","M","16.1","","102.11","","","","","","NA"
"-82.43","52.93","ATTAWAPISKAT A","6010400","2018-04-09 11:00","2018","04","09","11:00","-7.1","","-14.4","","56","","","M","","M","","M","16.1","","102.09","","","","","","NA"
"-82.43","52.93","ATTAWAPISKAT A","6010400","2018-04-09 12:00","2018","04","09","12:00","-6.0","","-15.1","","49","","","M","","M","","M","16.1","","102.06","","","","","","NA"
"-82.43","52.93","ATTAWAPISKAT A","6010400","2018-04-09 13:00","2018","04","09","13:00","-4.9","","-15.2","","45","","","M","","M","","M","16.1","","102.03","","","","","","NA"
"-82.43","52.93","ATTAWAPISKAT A","6010400","2018-04-09 14:00","2018","04","09","14:00","-3.6","","-14.7","","42","","","M","","M","","M","16.1","","101.98","","","","","","NA"
"-82.43","52.93","ATTAWAPISKAT A","6010400","2018-04-09 15:00","2018","04","09","15:00","-4.2","","-13.7","","48","","","M","","M","","M","16.1","","101.93","","","","","","NA"
"-82.43","52.93","ATTAWAPISKAT A","6010400","2018-04-09 16:00","2018","04","09","16:00","-4.5","","-13.9","","48","","","M","","M","","M","16.1","","101.94","","","","","","NA"
"-82.43","52.93","ATTAWAPISKAT A","6010400","2018-04-09 17:00","2018","04","09","17:00","-5.6","","-13.8","","53","","","M","","M","","M","16.1","","101.95","","","","","","NA"
"-82.43","52.93","ATTAWAPISKAT A","6010400","2018-04-09 18:00","2018","04","09","18:00","-5.6","","-13.6","","54","","","M","","M","","M","16.1","","101.96","","","","","","NA"
"-82.43","52.93","ATTAWAPISKAT A","6010400","2018-04-09 19:00","2018","04","09","19:00","-6.6","","-13.2","","60","","","M","","M","","M","16.1","","101.96","","","","","","NA"
"-82.43","52.93","ATTAWAPISKAT A","6010400","2018-04-09 20:00","2018","04","09","20:00","-8.0","","-12.6","","70","","","M","","M","","M","16.1","","101.96","","","","","","NA"
"-82.43","52.93","ATTAWAPISKAT A","6010400","2018-04-09 21:00","2018","04","09","21:00","-9.5","","-13.5","","73","","","M","","M","","M","16.1","","101.94","","","","","","NA"
"-82.43","52.93","ATTAWAPISKAT A","6010400","2018-04-09 22:00","2018","04","09","22:00","-10.5","","-13.4","","79","","","M","","M","","M","16.1","","101.91","","","","","","NA"
"-82.43","52.93","ATTAWAPISKAT A","6010400","2018-04-09 23:00","2018","04","09","23:00","-11.3","","-13.5","","84","","","M","","M","","M","16.1","","101.86","","","","","","NA"
"-82.43","52.93","ATTAWAPISKAT A","6010400","2018-04-10 00:00","2018","04","10","00:00","-11.8","","-13.4","","88","","","M","","M","","M","16.1","","101.81","","","","","","NA"
"-82.43","52.93","ATTAWAPISKAT A","6010400","2018-04-10 01:00","2018","04","10","01:00","-12.3","","-13.6","","90","","","M","","M","","M","16.1","","101.79","","","","","","NA"
"-82.43","52.93","ATTAWAPISKAT A","6010400","2018-04-10 02:00","2018","04","10","02:00","-12.5","","-14.0","","89","","","M","","M","","M","16.1","","101.75","","","","","","NA"
"-82.43","52.93","ATTAWAPISKAT A","6010400","2018-04-10 03:00","2018","04","10","03:00","-13.2","","-14.8","","88","","","M","","M","","M","16.1","","101.72","","","","","","NA"
"-82.43","52.93","ATTAWAPISKAT A","6010400","2018-04-10 04:00","2018","04","10","04:00","-14.2","","-15.6","","89","","","M","","M","","M","16.1","","101.68","","","","","","NA"
"-82.43","52.93","ATTAWAPISKAT A","6010400","2018-04-10 05:00","2018","04","10","05:00","-14.6","","-16.5","","85","","","M","","M","","M","8.1","","101.63","","","","","","Fog"
"-82.43","52.93","ATTAWAPISKAT A","6010400","2018-04-10 06:00","2018","04","10","06:00","-14.7","","-16.8","","84","","","M","","M","","M","9.7","","101.59","","","","","","Fog"
"-82.43","52.93","ATTAWAPISKAT A","6010400","2018-04-10 07:00","2018","04","10","07:00","-12.0","","-14.8","","80","","","M","","M","","M","16.1","","101.59","","","","","","NA"
"-82.43","52.93","ATTAWAPISKAT A","6010400","2018-04-10 08:00","2018","04","10","08:00","-9.0","","-13.4","","71","","","M","","M","","M","16.1","","101.51","","","","","","NA"
"-82.43","52.93","ATTAWAPISKAT A","6010400","2018-04-10 09:00","2018","04","10","09:00","-5.8","","-12.5","","60","","","M","","M","","M","16.1","","101.44","","","","","","NA"
"-82.43","52.93","ATTAWAPISKAT A","6010400","2018-04-10 10:00","2018","04","10","10:00","-4.4","","-12.2","","55","","","M","","M","","M","16.1","","101.39","","","","","","NA"
"-82.43","52.93","ATTAWAPISKAT A","6010400","2018-04-10 11:00","2018","04","10","11:00","-2.7","","-12.0","","49","","","M","","M","","M","16.1","","101.35","","","","","","NA"
"-82.43","52.93","ATTAWAPISKAT A","6010400","2018-04-10 12:00","2018","04","10","12:00","-1.7","","-12.2","","45","","","M","","M","","M","16.1","","101.29","","","","","","NA"
"-82.43","52.93","ATTAWAPISKAT A","6010400","2018-04-10 13:00","2018","04","10","13:00","-1.2","","-12.1","","44","","","M","","M","","M","16.1","","101.22","","","","","","NA"
"-82.43","52.93","ATTAWAPISKAT A","6010400","2018-04-10 14:00","2018","04","10","14:00","-1.0","","-13.1","","40","","","M","","M","","M","16.1","","101.17","","","","","","NA"
"-82.43","52.93","ATTAWAPISKAT A","6010400","2018-04-10 15:00","2018","04","10","15:00","-0.5","","-12.5","","40","","","M","","M","","M","16.1","","101.10","","","","","","NA"
"-82.43","52.93","ATTAWAPISKAT A","6010400","2018-04-10 16:00","2018","04","10","16:00","-0.3","","-13.0","","38","","","M","","M","","M","16.1","","101.05","","","","","","NA"
"-82.43","52.93","ATTAWAPISKAT A","6010400","2018-04-10 17:00","2018","04","10","17:00","0.2","","-13.0","","37","","","M","","M","","M","16.1","","100.99","","","","","","NA"
"-82.43","52.93","ATTAWAPISKAT A","6010400","2018-04-10 18:00","2018","04","10","18:00","0.1","","-12.7","","38","","","M","","M","","M","16.1","","100.96","","","","","","NA"
"-82.43","52.93","ATTAWAPISKAT A","6010400","2018-04-10 19:00","2018","04","10","19:00","-0.9","","-12.5","","41","","","M","","M","","M","16.1","","100.89","","","","","","NA"
"-82.43","52.93","ATTAWAPISKAT A","6010400","2018-04-10 20:00","2018","04","10","20:00","-2.4","","-12.9","","45","","","M","","M","","M","16.1","","100.83","","","","","","NA"
"-82.43","52.93","ATTAWAPISKAT A","6010400","2018-04-10 21:00","2018","04","10","21:00","-3.4","","-11.7","","53","","","M","","M","","M","16.1","","100.75","","","","","","NA"
"-82.43","52.93","ATTAWAPISKAT A","6010400","2018-04-10 22:00","2018","04","10","22:00","-3.7","","-12.4","","51","","","M","","M","","M","16.1","","100.65","","","","","","NA"
"-82.43","52.93","ATTAWAPISKAT A","6010400","2018-04-10 23:00","2018","04","10","23:00","-4.1","","-12.1","","54","","","M","","M","","M","16.1","","100.55","","","","","","NA"
"-82.43","52.93","ATTAWAPISKAT A","6010400","2018-04-11 00:00","2018","04","11","00:00","-4.1","","-11.7","","56","","","M","","M","","M","16.1","","100.46","","","","","","NA"
"-82.43","52.93","ATTAWAPISKAT A","6010400","2018-04-11 01:00","2018","04","11","01:00","-3.6","","-11.9","","53","","","M","","M","","M","16.1","","100.39","","","","","","NA"
"-82.43","52.93","ATTAWAPISKAT A","6010400","2018-04-11 02:00","2018","04","11","02:00","-3.8","","-11.9","","54","","","M","","M","","M","16.1","","100.28","","","","","","NA"
"-82.43","52.93","ATTAWAPISKAT A","6010400","2018-04-11 03:00","2018","04","11","03:00","-4.7","","-11.7","","58","","","M","","M","","M","16.1","","100.18","","","","","","NA"
"-82.43","52.93","ATTAWAPISKAT A","6010400","2018-04-11 04:00","2018","04","11","04:00","-5.2","","-11.7","","61","","","M","","M","","M","16.1","","100.11","","","","","","NA"
"-82.43","52.93","ATTAWAPISKAT A","6010400","2018-04-11 05:00","2018","04","11","05:00","-5.6","","-11.8","","62","","","M","","M","","M","14.5","","100.07","","","","","","NA"
"-82.43","52.93","ATTAWAPISKAT A","6010400","2018-04-11 06:00","2018","04","11","06:00","-6.3","","-12.4","","62","","","M","","M","","M","16.1","","100.07","","","","","","NA"
"-82.43","52.93","ATTAWAPISKAT A","6010400","2018-04-11 07:00","2018","04","11","07:00","-5.4","","-11.2","","64","","","M","","M","","M","16.1","","100.09","","","","","","NA"
"-82.43","52.93","ATTAWAPISKAT A","6010400","2018-04-11 08:00","2018","04","11","08:00","-4.1","","-9.7","","65","","","M","","M","","M","16.1","","100.14","","","","","","NA"
"-82.43","52.93","ATTAWAPISKAT A","6010400","2018-04-11 09:00","2018","04","11","09:00","-6.4","","-9.2","","81","","","M","","M","","M","2.0","","100.24","","","","","","Snow"
"-82.43","52.93","ATTAWAPISKAT A","6010400","2018-04-11 10:00","2018","04","11","10:00","-9.3","","-13.5","","72","","","M","","M","","M","4.8","","100.41","","","","","","Snow"
"-82.43","52.93","ATTAWAPISKAT A","6010400","2018-04-11 11:00","2018","04","11","11:00","-10.1","","-14.0","","74","","","M","","M","","M","9.7","","100.54","","","","","","Snow"
"-82.43","52.93","ATTAWAPISKAT A","6010400","2018-04-11 12:00","2018","04","11","12:00","-9.0","","-14.0","","67","","","M","","M","","M","12.9","","100.64","","","","","","Snow"
"-82.43","52.93","ATTAWAPISKAT A","6010400","2018-04-11 13:00","2018","04","11","13:00","-8.3","","-14.2","","63","","","M","","M","","M","16.1","","100.70","","","","","","Snow"
"-82.43","52.93","ATTAWAPISKAT A","6010400","2018-04-11 14:00","2018","04","11","14:00","-7.8","","-14.3","","60","","","M","","M","","M","16.1","","100.79","","","","","","NA"
"-82.43","52.93","ATTAWAPISKAT A","6010400","2018-04-11 15:00","2018","04","11","15:00","-8.1","","-15.4","","56","","","M","","M","","M","16.1","","100.89","","","","","","NA"
"-82.43","52.93","ATTAWAPISKAT A","6010400","2018-04-11 16:00","2018","04","11","16:00","-8.4","","-16.8","","51","","","M","","M","","M","16.1","","100.95","","","","","","NA"
"-82.43","52.93","ATTAWAPISKAT A","6010400","2018-04-11 17:00","2018","04","11","17:00","-8.4","","-17.5","","48","","","M","","M","","M","16.1","","101.01","","","","","","NA"
"-82.43","52.93","ATTAWAPISKAT A","6010400","2018-04-11 18:00","2018","04","11","18:00","-9.1","","-18.2","","48","","","M","","M","","M","16.1","","101.02","","","","","","NA"
"-82.43","52.93","ATTAWAPISKAT A","6010400","2018-04-11 19:00","2018","04","11","19:00","-10.4","","-19.4","","48","","","M","","M","","M","16.1","","101.12","","","","","","NA"
"-82.43","52.93","ATTAWAPISKAT A","6010400","2018-04-11 20:00","2018","04","11","20:00","-12.3","","-19.1","","57","","","M","","M","","M","16.1","","101.17","","","","","","NA"
"-82.43","52.93","ATTAWAPISKAT A","6010400","2018-04-11 21:00","2018","04","11","21:00","-13.8","","-19.9","","60","","","M","","M","","M","16.1","","101.20","","","","","","NA"
"-82.43","52.93","ATTAWAPISKAT A","6010400","2018-04-11 22:00","2018","04","11","22:00","-16.1","","-20.1","","72","","","M","","M","","M","16.1","","101.21","","","","","","NA"
"-82.43","52.93","ATTAWAPISKAT A","6010400","2018-04-11 23:00","2018","04","11","23:00","-18.1","","-21.1","","78","","","M","","M","","M","16.1","","101.23","","","","","","NA"
"-82.43","52.93","ATTAWAPISKAT A","6010400","2018-04-12 00:00","2018","04","12","00:00","-19.2","","-22.4","","76","","","M","","M","","M","16.1","","101.26","","","","","","NA"
"-82.43","52.93","ATTAWAPISKAT A","6010400","2018-04-12 01:00","2018","04","12","01:00","-19.4","","-21.9","","81","","","M","","M","","M","8.1","","101.25","","","","","","Haze"
"-82.43","52.93","ATTAWAPISKAT A","6010400","2018-04-12 02:00","2018","04","12","02:00","-20.4","","-22.9","","81","","416.6","","","M","","M","16.1","","101.20","","","","","","NA"
"-82.43","52.93","ATTAWAPISKAT A","6010400","2018-04-12 03:00","2018","04","12","03:00","-21.8","","-24.4","","80","","0.0","","","M","","M","14.5","","101.16","","","","","","NA"
"-82.43","52.93","ATTAWAPISKAT A","6010400","2018-04-12 04:00","2018","04","12","04:00","-21.6","","-24.2","","80","","0.0","","","M","","M","16.1","","101.16","","","","","","NA"
"-82.43","52.93","ATTAWAPISKAT A","6010400","2018-04-12 05:00","2018","04","12","05:00","-20.0","","-22.6","","80","","0.0","","","M","","M","4.8","","101.14","","","","","","Fog"
"-82.43","52.93","ATTAWAPISKAT A","6010400","2018-04-12 06:00","2018","04","12","06:00","-19.0","","-22.1","","77","","","M","","M","","M","12.9","","101.11","","","","","","NA"
"-82.43","52.93","ATTAWAPISKAT A","6010400","2018-04-12 07:00","2018","04","12","07:00","-16.5","","-20.8","","70","","","M","","M","","M","16.1","","101.07","","","","","","NA"
"-82.43","52.93","ATTAWAPISKAT A","6010400","2018-04-12 08:00","2018","04","12","08:00","-12.5","","-20.1","","54","","","M","","M","","M","16.1","","101.03","","","","","","NA"
"-82.43","52.93","ATTAWAPISKAT A","6010400","2018-04-12 09:00","2018","04","12","09:00","-9.5","","-18.6","","48","","","M","","M","","M","16.1","","101.01","","","","","","NA"
"-82.43","52.93","ATTAWAPISKAT A","6010400","2018-04-12 10:00","2018","04","12","10:00","-8.0","","-17.6","","47","","","M","","M","","M","16.1","","100.99","","","","","","NA"
"-82.43","52.93","ATTAWAPISKAT A","6010400","2018-04-12 11:00","2018","04","12","11:00","-7.1","","-16.3","","48","","","M","","M","","M","16.1","","100.96","","","","","","NA"
"-82.43","52.93","ATTAWAPISKAT A","6010400","2018-04-12 12:00","2018","04","12","12:00","-6.4","","-14.3","","54","","","M","","M","","M","16.1","","100.94","","","","","","NA"
"-82.43","52.93","ATTAWAPISKAT A","6010400","2018-04-12 13:00","2018","04","12","13:00","-6.2","","-12.7","","60","","","M","","M","","M","16.1","","100.91","","","","","","NA"
"-82.43","52.93","ATTAWAPISKAT A","6010400","2018-04-12 14:00","2018","04","12","14:00","-6.0","","-11.0","","68","","","M","","M","","M","9.7","","100.92","","","","","","Haze"
"-82.43","52.93","ATTAWAPISKAT A","6010400","2018-04-12 15:00","2018","04","12","15:00","-6.9","","-10.2","","78","","","M","","M","","M","2.8","","100.97","","","","","","Snow"
"-82.43","52.93","ATTAWAPISKAT A","6010400","2018-04-12 16:00","2018","04","12","16:00","-6.7","","-10.3","","76","","","M","","M","","M","6.4","","101.02","","","","","","Snow"
"-82.43","52.93","ATTAWAPISKAT A","6010400","2018-04-12 17:00","2018","04","12","17:00","-6.2","","-10.6","","72","","","M","","M","","M","16.1","","101.06","","","","","","NA"
"-82.43","52.93","ATTAWAPISKAT A","6010400","2018-04-12 18:00","2018","04","12","18:00","-7.7","","-10.9","","78","","","M","","M","","M","16.1","","101.10","","","","","","NA"
"-82.43","52.93","ATTAWAPISKAT A","6010400","2018-04-12 19:00","2018","04","12","19:00","-9.0","","-11.2","","84","","","M","","M","","M","16.1","","101.16","","","","","","NA"
"-82.43","52.93","ATTAWAPISKAT A","6010400","2018-04-12 20:00","2018","04","12","20:00","-11.4","","-13.2","","87","","","M","","M","","M","16.1","","101.27","","","","","","NA"
"-82.43","52.93","ATTAWAPISKAT A","6010400","2018-04-12 21:00","2018","04","12","21:00","-11.3","","-18.6","","55","","","M","","M","","M","16.1","","101.33","","","","","","NA"
"-82.43","52.93","ATTAWAPISKAT A","6010400","2018-04-12 22:00","2018","04","12","22:00","-12.9","","-19.5","","58","","","M","","M","","M","16.1","","101.42","","","","","","NA"
"-82.43","52.93","ATTAWAPISKAT A","6010400","2018-04-12 23:00","2018","04","12","23:00","-15.4","","-20.1","","68","","","M","","M","","M","16.1","","101.47","","","","","","NA"
"-82.43","52.93","ATTAWAPISKAT A","6010400","2018-04-13 00:00","2018","04","13","00:00","-17.6","","-19.7","","84","","","M","","M","","M","16.1","","101.50","","","","","","NA"
"-82.43","52.93","ATTAWAPISKAT A","6010400","2018-04-13 01:00","2018","04","13","01:00","-19.5","","-21.6","","84","","","M","","M","","M","16.1","","101.54","","","","","","NA"
"-82.43","52.93","ATTAWAPISKAT A","6010400","2018-04-13 02:00","2018","04","13","02:00","-20.7","","-22.7","","84","","457.2","","","M","","M","16.1","","101.61","","","","","","NA"
"-82.43","52.93","ATTAWAPISKAT A","6010400","2018-04-13 03:00","2018","04","13","03:00","-22.6","","-24.7","","83","","0.0","","","M","","M","16.1","","101.67","","","","","","NA"
"-82.43","52.93","ATTAWAPISKAT A","6010400","2018-04-13 04:00","2018","04","13","04:00","-23.6","","-26.0","","81","","0.0","","","M","","M","16.1","","101.71","","","","","","NA"
"-82.43","52.93","ATTAWAPISKAT A","6010400","2018-04-13 05:00","2018","04","13","05:00","-23.5","","-26.0","","80","","0.0","","","M","","M","16.1","","101.75","","","","","","NA"
"-82.43","52.93","ATTAWAPISKAT A","6010400","2018-04-13 06:00","2018","04","13","06:00","-24.2","","-26.7","","80","","0.0","","","M","","M","16.1","","101.82","","","","","","NA"
"-82.43","52.93","ATTAWAPISKAT A","6010400","2018-04-13 07:00","2018","04","13","07:00","-21.7","","-24.1","","81","","0.0","","","M","","M","14.5","","101.85","","","","","","NA"
"-82.43","52.93","ATTAWAPISKAT A","6010400","2018-04-13 08:00","2018","04","13","08:00","-16.8","","-21.4","","68","","436.9","","","M","","M","16.1","","101.86","","","","","","NA"
"-82.43","52.93","ATTAWAPISKAT A","6010400","2018-04-13 09:00","2018","04","13","09:00","-13.2","","-20.5","","55","","","M","","M","","M","16.1","","101.85","","","","","","NA"
"-82.43","52.93","ATTAWAPISKAT A","6010400","2018-04-13 10:00","2018","04","13","10:00","-11.8","","-19.9","","52","","","M","","M","","M","16.1","","101.88","","","","","","NA"
"-82.43","52.93","ATTAWAPISKAT A","6010400","2018-04-13 11:00","2018","04","13","11:00","-10.9","","-20.1","","47","","","M","","M","","M","16.1","","101.91","","","","","","NA"
"-82.43","52.93","ATTAWAPISKAT A","6010400","2018-04-13 12:00","2018","04","13","12:00","-10.7","","-19.6","","48","","","M","","M","","M","14.5","","101.98","","","","","","NA"
"-82.43","52.93","ATTAWAPISKAT A","6010400","2018-04-13 13:00","2018","04","13","13:00","-11.4","","-19.3","","53","","","M","","M","","M","16.1","","102.05","","","","","","NA"
"-82.43","52.93","ATTAWAPISKAT A","6010400","2018-04-13 14:00","2018","04","13","14:00","-10.8","","-18.8","","53","","","M","","M","","M","16.1","","102.14","","","","","","NA"
"-82.43","52.93","ATTAWAPISKAT A","6010400","2018-04-13 15:00","2018","04","13","15:00","-10.6","","-19.0","","51","","","M","","M","","M","16.1","","102.22","","","","","","NA"
"-82.43","52.93","ATTAWAPISKAT A","6010400","2018-04-13 16:00","2018","04","13","16:00","-10.5","","-19.3","","49","","","M","","M","","M","16.1","","102.31","","","","","","NA"
"-82.43","52.93","ATTAWAPISKAT A","6010400","2018-04-13 17:00","2018","04","13","17:00","-10.6","","-19.1","","50","","","M","","M","","M","16.1","","102.42","","","","","","NA"
"-82.43","52.93","ATTAWAPISKAT A","6010400","2018-04-13 18:00","2018","04","13","18:00","-11.5","","-18.9","","55","","","M","","M","","M","16.1","","102.57","","","","","","NA"
"-82.43","52.93","ATTAWAPISKAT A","6010400","2018-04-13 19:00","2018","04","13","19:00","-12.3","","-19.8","","54","","","M","","M","","M","16.1","","102.67","","","","","","NA"
"-82.43","52.93","ATTAWAPISKAT A","6010400","2018-04-13 20:00","2018","04","13","20:00","-13.9","","-19.7","","62","","","M","","M","","M","16.1","","102.78","","","","","","NA"
"-82.43","52.93","ATTAWAPISKAT A","6010400","2018-04-13 21:00","2018","04","13","21:00","-15.1","","-17.5","","82","","","M","","M","","M","16.1","","102.91","","","","","","NA"
"-82.43","52.93","ATTAWAPISKAT A","6010400","2018-04-13 22:00","2018","04","13","22:00","-18.4","","-20.2","","86","","","M","","M","","M","16.1","","103.01","","","","","","NA"
"-82.43","52.93","ATTAWAPISKAT A","6010400","2018-04-13 23:00","2018","04","13","23:00","-17.7","","-19.8","","84","","","M","","M","","M","11.3","","103.10","","","","","","NA"
"-82.43","52.93","ATTAWAPISKAT A","6010400","2018-04-14 00:00","2018","04","14","00:00","-19.0","","-21.2","","83","","","M","","M","","M","16.1","","103.20","","","","","","NA"
"-82.43","52.93","ATTAWAPISKAT A","6010400","2018-04-14 01:00","2018","04","14","01:00","-21.3","","-23.3","","84","","427.5","","","M","","M","16.1","","103.26","","","","","","NA"
"-82.43","52.93","ATTAWAPISKAT A","6010400","2018-04-14 02:00","2018","04","14","02:00","-20.9","","-23.2","","82","","0.0","","","M","","M","16.1","","103.29","","","","","","NA"
"-82.43","52.93","ATTAWAPISKAT A","6010400","2018-04-14 03:00","2018","04","14","03:00","-21.5","","-23.8","","82","","0.0","","","M","","M","16.1","","103.33","","","","","","NA"
"-82.43","52.93","ATTAWAPISKAT A","6010400","2018-04-14 04:00","2018","04","14","04:00","-21.3","","-23.6","","82","","0.0","","","M","","M","16.1","","103.43","","","","","","NA"
"-82.43","52.93","ATTAWAPISKAT A","6010400","2018-04-14 05:00","2018","04","14","05:00","-21.7","","-24.0","","82","","0.0","","","M","","M","16.1","","103.48","","","","","","NA"
"-82.43","52.93","ATTAWAPISKAT A","6010400","2018-04-14 06:00","2018","04","14","06:00","-20.8","","-23.1","","82","","0.0","","","M","","M","16.1","","103.62","","","","","","NA"
"-82.43","52.93","ATTAWAPISKAT A","6010400","2018-04-14 07:00","2018","04","14","07:00","-19.2","","-21.4","","83","","243.1","","","M","","M","16.1","","103.67","","","","","","NA"
"-82.43","52.93","ATTAWAPISKAT A","6010400","2018-04-14 08:00","2018","04","14","08:00","-16.2","","-18.9","","80","","","M","","M","","M","16.1","","103.70","","","","","","NA"
"-82.43","52.93","ATTAWAPISKAT A","6010400","2018-04-14 09:00","2018","04","14","09:00","-14.6","","-18.7","","72","","","M","","M","","M","16.1","","103.75","","","","","","NA"
"-82.43","52.93","ATTAWAPISKAT A","6010400","2018-04-14 10:00","2018","04","14","10:00","-12.9","","-18.6","","63","","","M","","M","","M","16.1","","103.81","","","","","","NA"
"-82.43","52.93","ATTAWAPISKAT A","6010400","2018-04-14 11:00","2018","04","14","11:00","-11.1","","-18.1","","57","","","M","","M","","M","16.1","","103.75","","","","","","NA"
"-82.43","52.93","ATTAWAPISKAT A","6010400","2018-04-14 12:00","2018","04","14","12:00","-8.5","","-17.1","","50","","","M","","M","","M","16.1","","103.77","","","","","","NA"
"-82.43","52.93","ATTAWAPISKAT A","6010400","2018-04-14 13:00","2018","04","14","13:00","-7.2","","-16.3","","49","","","M","","M","","M","16.1","","103.84","","","","","","NA"
"-82.43","52.93","ATTAWAPISKAT A","6010400","2018-04-14 14:00","2018","04","14","14:00","-6.1","","-15.6","","47","","","M","","M","","M","16.1","","103.88","","","","","","NA"
"-82.43","52.93","ATTAWAPISKAT A","6010400","2018-04-14 15:00","2018","04","14","15:00","-5.0","","-14.6","","47","","","M","","M","","M","16.1","","103.83","","","","","","NA"
"-82.43","52.93","ATTAWAPISKAT A","6010400","2018-04-14 16:00","2018","04","14","16:00","-4.4","","-14.2","","47","","","M","","M","","M","16.1","","103.77","","","","","","NA"
"-82.43","52.93","ATTAWAPISKAT A","6010400","2018-04-14 17:00","2018","04","14","17:00","-3.8","","-13.8","","46","","","M","","M","","M","16.1","","103.78","","","","","","NA"
"-82.43","52.93","ATTAWAPISKAT A","6010400","2018-04-14 18:00","2018","04","14","18:00","-3.7","","-13.7","","46","","","M","","M","","M","16.1","","103.90","","","","","","NA"
"-82.43","52.93","ATTAWAPISKAT A","6010400","2018-04-14 19:00","2018","04","14","19:00","-4.2","","-13.6","","48","","","M","","M","","M","16.1","","103.98","","","","","","NA"
"-82.43","52.93","ATTAWAPISKAT A","6010400","2018-04-14 20:00","2018","04","14","20:00","-6.4","","-13.5","","58","","","M","","M","","M","16.1","","104.00","","","","","","NA"
"-82.43","52.93","ATTAWAPISKAT A","6010400","2018-04-14 21:00","2018","04","14","21:00","-9.0","","-13.4","","71","","","M","","M","","M","16.1","","104.01","","","","","","NA"
"-82.43","52.93","ATTAWAPISKAT A","6010400","2018-04-14 22:00","2018","04","14","22:00","-10.5","","-14.1","","75","","","M","","M","","M","16.1","","104.01","","","","","","NA"
"-82.43","52.93","ATTAWAPISKAT A","6010400","2018-04-14 23:00","2018","04","14","23:00","-14.2","","-16.3","","84","","","M","","M","","M","16.1","","104.08","","","","","","NA"
"-82.43","52.93","ATTAWAPISKAT A","6010400","2018-04-15 00:00","2018","04","15","00:00","-16.4","","-18.5","","84","","","M","","M","","M","16.1","","104.16","","","","","","NA"
"-82.43","52.93","ATTAWAPISKAT A","6010400","2018-04-15 01:00","2018","04","15","01:00","-16.0","","-18.0","","85","","","M","","M","","M","16.1","","104.20","","","","","","NA"
"-82.43","52.93","ATTAWAPISKAT A","6010400","2018-04-15 02:00","2018","04","15","02:00","-15.8","","-17.5","","87","","","M","","M","","M","16.1","","104.22","","","","","","NA"
"-82.43","52.93","ATTAWAPISKAT A","6010400","2018-04-15 03:00","2018","04","15","03:00","-16.5","","-18.5","","85","","","M","","M","","M","16.1","","104.18","","","","","","NA"
"-82.43","52.93","ATTAWAPISKAT A","6010400","2018-04-15 04:00","2018","04","15","04:00","-15.9","","-17.3","","89","","","M","","M","","M","16.1","","104.18","","","","","","NA"
"-82.43","52.93","ATTAWAPISKAT A","6010400","2018-04-15 05:00","2018","04","15","05:00","-16.2","","-17.8","","88","","","M","","M","","M","16.1","","104.27","","","","","","NA"
"-82.43","52.93","ATTAWAPISKAT A","6010400","2018-04-15 06:00","2018","04","15","06:00","-18.8","","-20.7","","85","","","M","","M","","M","16.1","","104.33","","","","","","NA"
"-82.43","52.93","ATTAWAPISKAT A","6010400","2018-04-15 07:00","2018","04","15","07:00","-15.1","","-16.7","","88","","","M","","M","","M","16.1","","104.36","","","","","","NA"
"-82.43","52.93","ATTAWAPISKAT A","6010400","2018-04-15 08:00","2018","04","15","08:00","-11.5","","-13.0","","89","","","M","","M","","M","16.1","","104.41","","","","","","Snow"
"-82.43","52.93","ATTAWAPISKAT A","6010400","2018-04-15 09:00","2018","04","15","09:00","-9.7","","-12.1","","83","","","M","","M","","M","16.1","","104.48","","","","","","Snow"
"-82.43","52.93","ATTAWAPISKAT A","6010400","2018-04-15 10:00","2018","04","15","10:00","-8.0","","-12.1","","73","","","M","","M","","M","16.1","","104.48","","","","","","NA"
"-82.43","52.93","ATTAWAPISKAT A","6010400","2018-04-15 11:00","2018","04","15","11:00","-7.4","","-12.3","","68","","","M","","M","","M","16.1","","104.46","","","","","","NA"
"-82.43","52.93","ATTAWAPISKAT A","6010400","2018-04-15 12:00","2018","04","15","12:00","-6.8","","-11.5","","70","","","M","","M","","M","16.1","","104.42","","","","","","NA"
"-82.43","52.93","ATTAWAPISKAT A","6010400","2018-04-15 13:00","2018","04","15","13:00","-6.1","","-12.0","","63","","","M","","M","","M","14.5","","104.37","","","","","","NA"
"-82.43","52.93","ATTAWAPISKAT A","6010400","2018-04-15 14:00","2018","04","15","14:00","-5.4","","-12.1","","60","","","M","","M","","M","16.1","","104.33","","","","","","NA"
"-82.43","52.93","ATTAWAPISKAT A","6010400","2018-04-15 15:00","2018","04","15","15:00","-5.5","","-10.8","","66","","","M","","M","","M","16.1","","104.22","","","","","","NA"
"-82.43","52.93","ATTAWAPISKAT A","6010400","2018-04-15 16:00","2018","04","15","16:00","-6.2","","-11.5","","66","","","M","","M","","M","16.1","","104.11","","","","","","NA"
"-82.43","52.93","ATTAWAPISKAT A","6010400","2018-04-15 17:00","2018","04","15","17:00","-6.3","","-11.1","","69","","","M","","M","","M","16.1","","104.04","","","","","","NA"
"-82.43","52.93","ATTAWAPISKAT A","6010400","2018-04-15 18:00","2018","04","15","18:00","-7.1","","-12.4","","66","","","M","","M","","M","16.1","","103.99","","","","","","NA"
"-82.43","52.93","ATTAWAPISKAT A","6010400","2018-04-15 19:00","2018","04","15","19:00","-8.5","","-13.2","","69","","","M","","M","","M","16.1","","103.94","","","","","","NA"
"-82.43","52.93","ATTAWAPISKAT A","6010400","2018-04-15 20:00","2018","04","15","20:00","-10.4","","-13.7","","77","","","M","","M","","M","16.1","","103.91","","","","","","NA"
"-82.43","52.93","ATTAWAPISKAT A","6010400","2018-04-15 21:00","2018","04","15","21:00","-11.9","","-14.1","","84","","","M","","M","","M","16.1","","103.87","","","","","","NA"
"-82.43","52.93","ATTAWAPISKAT A","6010400","2018-04-15 22:00","2018","04","15","22:00","-12.4","","-14.0","","88","","","M","","M","","M","16.1","","103.84","","","","","","NA"
"-82.43","52.93","ATTAWAPISKAT A","6010400","2018-04-15 23:00","2018","04","15","23:00","-12.2","","-13.9","","87","","","M","","M","","M","16.1","","103.78","","","","","","NA"
"-82.43","52.93","ATTAWAPISKAT A","6010400","2018-04-16 00:00","2018","04","16","00:00","-11.5","","-13.7","","84","","","M","","M","","M","16.1","","103.67","","","","","","NA"
"-82.43","52.93","ATTAWAPISKAT A","6010400","2018-04-16 01:00","2018","04","16","01:00","-11.3","","-14.3","","79","","","M","","M","","M","16.1","","103.62","","","","","","NA"
"-82.43","52.93","ATTAWAPISKAT A","6010400","2018-04-16 02:00","2018","04","16","02:00","-11.1","","-14.5","","76","","","M","","M","","M","16.1","","103.52","","","","","","NA"
"-82.43","52.93","ATTAWAPISKAT A","6010400","2018-04-16 03:00","2018","04","16","03:00","-9.6","","-14.4","","68","","","M","","M","","M","16.1","","103.34","","","","","","NA"
"-82.43","52.93","ATTAWAPISKAT A","6010400","2018-04-16 04:00","2018","04","16","04:00","-8.8","","-13.9","","67","","","M","","M","","M","16.1","","103.16","","","","","","NA"
"-82.43","52.93","ATTAWAPISKAT A","6010400","2018-04-16 05:00","2018","04","16","05:00","-8.3","","-13.2","","68","","","M","","M","","M","16.1","","103.12","","","","","","NA"
"-82.43","52.93","ATTAWAPISKAT A","6010400","2018-04-16 06:00","2018","04","16","06:00","-8.0","","-12.7","","69","","","M","","M","","M","16.1","","103.04","","","","","","NA"
"-82.43","52.93","ATTAWAPISKAT A","6010400","2018-04-16 07:00","2018","04","16","07:00","-7.4","","-12.0","","70","","","M","","M","","M","16.1","","103.01","","","","","","NA"
"-82.43","52.93","ATTAWAPISKAT A","6010400","2018-04-16 08:00","2018","04","16","08:00","-6.8","","-11.5","","70","","","M","","M","","M","16.1","","102.92","","","","","","NA"
"-82.43","52.93","ATTAWAPISKAT A","6010400","2018-04-16 09:00","2018","04","16","09:00","-6.1","","-10.9","","69","","","M","","M","","M","16.1","","102.80","","","","","","NA"
"-82.43","52.93","ATTAWAPISKAT A","6010400","2018-04-16 10:00","2018","04","16","10:00","-5.7","","-10.7","","68","","","M","","M","","M","16.1","","102.66","","","","","","NA"
"-82.43","52.93","ATTAWAPISKAT A","6010400","2018-04-16 11:00","2018","04","16","11:00","-5.1","","-11.1","","63","","","M","","M","","M","16.1","","102.50","","","","","","NA"
"-82.43","52.93","ATTAWAPISKAT A","6010400","2018-04-16 12:00","2018","04","16","12:00","-4.6","","-10.6","","63","","","M","","M","","M","16.1","","102.42","","","","","","NA"
"-82.43","52.93","ATTAWAPISKAT A","6010400","2018-04-16 13:00","2018","04","16","13:00","-4.2","","-9.7","","66","","","M","","M","","M","16.1","","102.27","","","","","","NA"
"-82.43","52.93","ATTAWAPISKAT A","6010400","2018-04-16 14:00","2018","04","16","14:00","-4.2","","-9.0","","69","","","M","","M","","M","16.1","","102.19","","","","","","NA"
"-82.43","52.93","ATTAWAPISKAT A","6010400","2018-04-16 15:00","2018","04","16","15:00","-3.9","","-8.8","","69","","","M","","M","","M","16.1","","102.07","","","","","","Snow"
"-82.43","52.93","ATTAWAPISKAT A","6010400","2018-04-16 16:00","2018","04","16","16:00","-3.8","","-8.5","","70","","","M","","M","","M","16.1","","102.02","","","","","","Snow"
"-82.43","52.93","ATTAWAPISKAT A","6010400","2018-04-16 17:00","2018","04","16","17:00","-4.7","","-6.4","","88","","","M","","M","","M","1.0","","101.98","","","","","","Snow"
"-82.43","52.93","ATTAWAPISKAT A","6010400","2018-04-16 18:00","2018","04","16","18:00","-4.6","","-5.9","","91","","110.5","","","M","","M","1.6","","101.94","","","","","","Snow"
"-82.43","52.93","ATTAWAPISKAT A","6010400","2018-04-16 19:00","2018","04","16","19:00","-4.9","","-5.9","","93","","0.5","","","M","","M","0.8","","101.85","","","","","","Moderate Snow"
"-82.43","52.93","ATTAWAPISKAT A","6010400","2018-04-16 20:00","2018","04","16","20:00","-4.5","","-5.5","","93","","0.8","","","M","","M","1.2","","101.76","","","","","","Snow"
"-82.43","52.93","ATTAWAPISKAT A","6010400","2018-04-16 21:00","2018","04","16","21:00","-4.8","","-5.8","","93","","1.0","","","M","","M","1.2","","101.72","","","","","","Snow"
"-82.43","52.93","ATTAWAPISKAT A","6010400","2018-04-16 22:00","2018","04","16","22:00","-4.5","","-5.5","","93","","0.2","","","M","","M","1.6","","101.64","","","","","","Snow"
"-82.43","52.93","ATTAWAPISKAT A","6010400","2018-04-16 23:00","2018","04","16","23:00","-4.2","","-5.2","","93","","0.5","","","M","","M","2.0","","101.53","","","","","","Snow"
"-82.43","52.93","ATTAWAPISKAT A","6010400","2018-04-17 00:00","2018","04","17","00:00","-4.0","","-5.0","","93","","0.2","","","M","","M","1.6","","101.44","","","","","","Snow"
"-82.43","52.93","ATTAWAPISKAT A","6010400","2018-04-17 01:00","2018","04","17","01:00","-3.9","","-4.9","","93","","0.2","","","M","","M","1.6","","101.38","","","","","","Snow"
"-82.43","52.93","ATTAWAPISKAT A","6010400","2018-04-17 02:00","2018","04","17","02:00","-3.8","","-4.8","","93","","0.5","","","M","","M","2.0","","101.32","","","","","","Snow"
"-82.43","52.93","ATTAWAPISKAT A","6010400","2018-04-17 03:00","2018","04","17","03:00","-3.9","","-4.9","","93","","0.2","","","M","","M","2.0","","101.25","","","","","","Snow"
"-82.43","52.93","ATTAWAPISKAT A","6010400","2018-04-17 04:00","2018","04","17","04:00","-3.7","","-4.7","","93","","0.2","","","M","","M","3.2","","101.22","","","","","","Snow"
"-82.43","52.93","ATTAWAPISKAT A","6010400","2018-04-17 05:00","2018","04","17","05:00","-3.6","","-4.6","","93","","0.2","","","M","","M","4.0","","101.22","","","","","","Rain,Snow"
"-82.43","52.93","ATTAWAPISKAT A","6010400","2018-04-17 06:00","2018","04","17","06:00","-3.4","","-4.5","","92","","0.0","","","M","","M","9.7","","101.24","","","","","","Snow"
"-82.43","52.93","ATTAWAPISKAT A","6010400","2018-04-17 07:00","2018","04","17","07:00","-3.3","","-4.6","","91","","0.0","","","M","","M","4.8","","101.24","","","","","","Snow"
"-82.43","52.93","ATTAWAPISKAT A","6010400","2018-04-17 08:00","2018","04","17","08:00","-3.6","","-4.9","","91","","0.2","","","M","","M","2.4","","101.26","","","","","","Snow"
"-82.43","52.93","ATTAWAPISKAT A","6010400","2018-04-17 09:00","2018","04","17","09:00","-3.0","","-4.7","","88","","0.0","","","M","","M","8.1","","101.24","","","","","","Snow"
"-82.43","52.93","ATTAWAPISKAT A","6010400","2018-04-17 10:00","2018","04","17","10:00","-3.1","","-4.5","","90","","0.0","","","M","","M","1.6","","101.23","","","","","","Snow"
"-82.43","52.93","ATTAWAPISKAT A","6010400","2018-04-17 11:00","2018","04","17","11:00","-2.7","","-4.4","","88","","0.2","","","M","","M","1.6","","101.20","","","","","","Snow"
"-82.43","52.93","ATTAWAPISKAT A","6010400","2018-04-17 12:00","2018","04","17","12:00","-3.0","","-4.8","","88","","0.0","","","M","","M","1.6","","101.21","","","","","","Snow"
"-82.43","52.93","ATTAWAPISKAT A","6010400","2018-04-17 13:00","2018","04","17","13:00","-3.3","","-5.2","","87","","0.2","","","M","","M","1.2","","101.20","","","","","","Snow"
"-82.43","52.93","ATTAWAPISKAT A","6010400","2018-04-17 14:00","2018","04","17","14:00","-2.9","","-4.5","","89","","0.2","","","M","","M","1.0","","101.22","","","","","","Snow"
"-82.43","52.93","ATTAWAPISKAT A","6010400","2018-04-17 15:00","2018","04","17","15:00","-2.8","","-4.7","","87","","0.0","","","M","","M","2.0","","101.26","","","","","","Snow"
"-82.43","52.93","ATTAWAPISKAT A","6010400","2018-04-17 16:00","2018","04","17","16:00","-2.8","","-5.1","","84","","0.5","","","M","","M","2.8","","101.29","","","","","","Snow"
"-82.43","52.93","ATTAWAPISKAT A","6010400","2018-04-17 17:00","2018","04","17","17:00","-2.0","","-5.7","","76","","0.0","","","M","","M","14.5","","101.35","","","","","","NA"
"-82.43","52.93","ATTAWAPISKAT A","6010400","2018-04-17 18:00","2018","04","17","18:00","-2.2","","-6.6","","72","","0.0","","","M","","M","11.3","","101.41","","","","","","Snow"
"-82.43","52.93","ATTAWAPISKAT A","6010400","2018-04-17 19:00","2018","04","17","19:00","-3.2","","-7.3","","73","","0.0","","","M","","M","16.1","","101.44","","","","","","NA"
"-82.43","52.93","ATTAWAPISKAT A","6010400","2018-04-17 20:00","2018","04","17","20:00","-4.1","","-8.3","","73","","0.0","","","M","","M","16.1","","101.50","","","","","","NA"
"-82.43","52.93","ATTAWAPISKAT A","6010400","2018-04-17 21:00","2018","04","17","21:00","-4.3","","-8.4","","73","","0.0","","","M","","M","16.1","","101.54","","","","","","NA"
"-82.43","52.93","ATTAWAPISKAT A","6010400","2018-04-17 22:00","2018","04","17","22:00","-5.0","","-9.1","","73","","0.0","","","M","","M","16.1","","101.55","","","","","","NA"
"-82.43","52.93","ATTAWAPISKAT A","6010400","2018-04-17 23:00","2018","04","17","23:00","-5.5","","-9.5","","74","","0.0","","","M","","M","16.1","","101.56","","","","","","NA"
"-82.43","52.93","ATTAWAPISKAT A","6010400","2018-04-18 00:00","2018","04","18","00:00","-6.1","","-10.2","","73","","0.0","","","M","","M","16.1","","101.54","","","","","","NA"
"-82.43","52.93","ATTAWAPISKAT A","6010400","2018-04-18 01:00","2018","04","18","01:00","-6.2","","-11.0","","69","","0.0","","","M","","M","16.1","","101.59","","","","","","NA"
"-82.43","52.93","ATTAWAPISKAT A","6010400","2018-04-18 02:00","2018","04","18","02:00","-6.2","","-11.9","","64","","0.0","","","M","","M","16.1","","101.62","","","","","","NA"
"-82.43","52.93","ATTAWAPISKAT A","6010400","2018-04-18 03:00","2018","04","18","03:00","-7.0","","-12.5","","65","","0.0","","","M","","M","16.1","","101.64","","","","","","NA"
"-82.43","52.93","ATTAWAPISKAT A","6010400","2018-04-18 04:00","2018","04","18","04:00","-7.2","","-13.0","","64","","0.0","","","M","","M","16.1","","101.66","","","","","","NA"
"-82.43","52.93","ATTAWAPISKAT A","6010400","2018-04-18 05:00","2018","04","18","05:00","-6.9","","-13.4","","60","","0.0","","","M","","M","16.1","","101.74","","","","","","NA"
"-82.43","52.93","ATTAWAPISKAT A","6010400","2018-04-18 06:00","2018","04","18","06:00","-6.6","","-13.7","","57","","0.0","","","M","","M","16.1","","101.82","","","","","","NA"
"-82.43","52.93","ATTAWAPISKAT A","6010400","2018-04-18 07:00","2018","04","18","07:00","-5.3","","-14.3","","50","","0.0","","","M","","M","16.1","","101.86","","","","","","NA"
"-82.43","52.93","ATTAWAPISKAT A","6010400","2018-04-18 08:00","2018","04","18","08:00","-4.0","","-14.2","","46","","0.0","","","M","","M","16.1","","101.90","","","","","","NA"
"-82.43","52.93","ATTAWAPISKAT A","6010400","2018-04-18 09:00","2018","04","18","09:00","-2.6","","-13.9","","42","","0.0","","","M","","M","16.1","","101.89","","","","","","NA"
"-82.43","52.93","ATTAWAPISKAT A","6010400","2018-04-18 10:00","2018","04","18","10:00","-2.1","","-14.0","","40","","0.0","","","M","","M","16.1","","101.93","","","","","","NA"
"-82.43","52.93","ATTAWAPISKAT A","6010400","2018-04-18 11:00","2018","04","18","11:00","-1.6","","-13.1","","41","","0.0","","","M","","M","16.1","","101.94","","","","","","NA"
"-82.43","52.93","ATTAWAPISKAT A","6010400","2018-04-18 12:00","2018","04","18","12:00","-0.9","","-11.6","","45","","0.0","","","M","","M","16.1","","101.96","","","","","","NA"
"-82.43","52.93","ATTAWAPISKAT A","6010400","2018-04-18 13:00","2018","04","18","13:00","-0.8","","-8.0","","58","","0.0","","","M","","M","16.1","","101.98","","","","","","NA"
"-82.43","52.93","ATTAWAPISKAT A","6010400","2018-04-18 14:00","2018","04","18","14:00","0.2","","-6.7","","60","","0.0","","","M","","M","16.1","","102.01","","","","","","NA"
"-82.43","52.93","ATTAWAPISKAT A","6010400","2018-04-18 15:00","2018","04","18","15:00","-0.1","","-6.4","","63","","0.0","","","M","","M","16.1","","102.05","","","","","","NA"
"-82.43","52.93","ATTAWAPISKAT A","6010400","2018-04-18 16:00","2018","04","18","16:00","-0.2","","-6.6","","62","","0.0","","","M","","M","16.1","","102.09","","","","","","NA"
"-82.43","52.93","ATTAWAPISKAT A","6010400","2018-04-18 17:00","2018","04","18","17:00","-1.4","","-5.6","","73","","0.0","","","M","","M","16.1","","102.11","","","","","","NA"
"-82.43","52.93","ATTAWAPISKAT A","6010400","2018-04-18 18:00","2018","04","18","18:00","-1.5","","-5.7","","73","","0.0","","","M","","M","16.1","","102.12","","","","","","NA"
"-82.43","52.93","ATTAWAPISKAT A","6010400","2018-04-18 19:00","2018","04","18","19:00","-2.4","","-5.9","","77","","0.0","","","M","","M","16.1","","102.11","","","","","","NA"
"-82.43","52.93","ATTAWAPISKAT A","6010400","2018-04-18 20:00","2018","04","18","20:00","-3.7","","-6.2","","83","","0.0","","","M","","M","16.1","","102.16","","","","","","NA"
"-82.43","52.93","ATTAWAPISKAT A","6010400","2018-04-18 21:00","2018","04","18","21:00","-4.5","","-6.7","","85","","0.0","","","M","","M","16.1","","102.17","","","","","","NA"
"-82.43","52.93","ATTAWAPISKAT A","6010400","2018-04-18 22:00","2018","04","18","22:00","-4.7","","-6.9","","85","","0.0","","","M","","M","16.1","","102.16","","","","","","NA"
"-82.43","52.93","ATTAWAPISKAT A","6010400","2018-04-18 23:00","2018","04","18","23:00","-5.0","","-7.1","","85","","0.0","","","M","","M","16.1","","102.20","","","","","","NA"
"-82.43","52.93","ATTAWAPISKAT A","6010400","2018-04-19 00:00","2018","04","19","00:00","-5.7","","-7.7","","86","","0.0","","","M","","M","16.1","","102.18","","","","","","NA"
"-82.43","52.93","ATTAWAPISKAT A","6010400","2018-04-19 01:00","2018","04","19","01:00","-5.8","","-7.6","","87","","0.0","","","M","","M","16.1","","102.19","","","","","","NA"
"-82.43","52.93","ATTAWAPISKAT A","6010400","2018-04-19 02:00","2018","04","19","02:00","-6.2","","-7.8","","88","","0.0","","","M","","M","16.1","","102.21","","","","","","NA"
"-82.43","52.93","ATTAWAPISKAT A","6010400","2018-04-19 03:00","2018","04","19","03:00","-6.4","","-7.9","","89","","0.0","","","M","","M","16.1","","102.23","","","","","","NA"
"-82.43","52.93","ATTAWAPISKAT A","6010400","2018-04-19 04:00","2018","04","19","04:00","-6.5","","-8.0","","89","","0.0","","","M","","M","16.1","","102.31","","","","","","NA"
"-82.43","52.93","ATTAWAPISKAT A","6010400","2018-04-19 05:00","2018","04","19","05:00","-6.9","","-8.1","","91","","0.0","","","M","","M","16.1","","102.35","","","","","","NA"
"-82.43","52.93","ATTAWAPISKAT A","6010400","2018-04-19 06:00","2018","04","19","06:00","-7.0","","-8.2","","91","","0.0","","","M","","M","16.1","","102.40","","","","","","NA"
"-82.43","52.93","ATTAWAPISKAT A","6010400","2018-04-19 07:00","2018","04","19","07:00","-6.7","","-8.1","","90","","0.0","","","M","","M","16.1","","102.48","","","","","","NA"
"-82.43","52.93","ATTAWAPISKAT A","6010400","2018-04-19 08:00","2018","04","19","08:00","-6.1","","-7.9","","87","","0.0","","","M","","M","16.1","","102.50","","","","","","NA"
"-82.43","52.93","ATTAWAPISKAT A","6010400","2018-04-19 09:00","2018","04","19","09:00","-5.3","","-7.5","","85","","0.0","","","M","","M","16.1","","102.50","","","","","","NA"
"-82.43","52.93","ATTAWAPISKAT A","6010400","2018-04-19 10:00","2018","04","19","10:00","-4.7","","-7.5","","81","","0.0","","","M","","M","16.1","","102.54","","","","","","NA"
"-82.43","52.93","ATTAWAPISKAT A","6010400","2018-04-19 11:00","2018","04","19","11:00","-4.1","","-7.2","","79","","0.0","","","M","","M","16.1","","102.57","","","","","","NA"
"-82.43","52.93","ATTAWAPISKAT A","6010400","2018-04-19 12:00","2018","04","19","12:00","-2.9","","-6.7","","75","","0.0","","","M","","M","16.1","","102.56","","","","","","NA"
"-82.43","52.93","ATTAWAPISKAT A","6010400","2018-04-19 13:00","2018","04","19","13:00","-1.8","","-7.0","","68","","0.0","","","M","","M","16.1","","102.54","","","","","","NA"
"-82.43","52.93","ATTAWAPISKAT A","6010400","2018-04-19 14:00","2018","04","19","14:00","-0.5","","-6.5","","64","","0.0","","","M","","M","11.3","","102.57","","","","","","NA"
"-82.43","52.93","ATTAWAPISKAT A","6010400","2018-04-19 15:00","2018","04","19","15:00","-0.2","","-6.4","","63","","0.0","","","M","","M","12.9","","102.59","","","","","","NA"
"-82.43","52.93","ATTAWAPISKAT A","6010400","2018-04-19 16:00","2018","04","19","16:00","0.3","","-6.3","","62","","0.0","","","M","","M","16.1","","102.57","","","","","","NA"
"-82.43","52.93","ATTAWAPISKAT A","6010400","2018-04-19 17:00","2018","04","19","17:00","-0.9","","-5.2","","73","","0.0","","","M","","M","16.1","","102.59","","","","","","NA"
"-82.43","52.93","ATTAWAPISKAT A","6010400","2018-04-19 18:00","2018","04","19","18:00","-1.3","","-5.2","","75","","0.0","","","M","","M","16.1","","102.63","","","","","","NA"
"-82.43","52.93","ATTAWAPISKAT A","6010400","2018-04-19 19:00","2018","04","19","19:00","-3.0","","-5.8","","81","","0.0","","","M","","M","16.1","","102.68","","","","","","NA"
"-82.43","52.93","ATTAWAPISKAT A","6010400","2018-04-19 20:00","2018","04","19","20:00","-4.7","","-6.7","","86","","0.0","","","M","","M","16.1","","102.72","","","","","","NA"
"-82.43","52.93","ATTAWAPISKAT A","6010400","2018-04-19 21:00","2018","04","19","21:00","-5.8","","-7.0","","91","","0.0","","","M","","M","16.1","","102.72","","","","","","NA"
"-82.43","52.93","ATTAWAPISKAT A","6010400","2018-04-19 22:00","2018","04","19","22:00","-7.5","","-8.3","","94","","0.0","","","M","","M","16.1","","102.71","","","","","","NA"
"-82.43","52.93","ATTAWAPISKAT A","6010400","2018-04-19 23:00","2018","04","19","23:00","-8.3","","-8.9","","95","","0.0","","","M","","M","6.4","","102.73","","","","","","Fog"
"-82.43","52.93","ATTAWAPISKAT A","6010400","2018-04-20 00:00","2018","04","20","00:00","-8.2","","-9.0","","94","","0.0","","","M","","M","0.6","","102.76","","","","","","Freezing Fog"
"-82.43","52.93","ATTAWAPISKAT A","6010400","2018-04-20 01:00","2018","04","20","01:00","-8.6","","-9.4","","94","","0.0","","","M","","M","0.6","","102.81","","","","","","Freezing Fog"
"-82.43","52.93","ATTAWAPISKAT A","6010400","2018-04-20 02:00","2018","04","20","02:00","-8.5","","-9.3","","94","","0.0","","","M","","M","0.6","","102.81","","","","","","Freezing Fog"
"-82.43","52.93","ATTAWAPISKAT A","6010400","2018-04-20 03:00","2018","04","20","03:00","-8.9","","-9.8","","93","","0.0","","","M","","M","0.8","","102.84","","","","","","Freezing Fog"
"-82.43","52.93","ATTAWAPISKAT A","6010400","2018-04-20 04:00","2018","04","20","04:00","-9.4","","-10.5","","92","","0.0","","","M","","M","1.2","","102.90","","","","","","Fog"
"-82.43","52.93","ATTAWAPISKAT A","6010400","2018-04-20 05:00","2018","04","20","05:00","-10.3","","-11.5","","91","","0.0","","","M","","M","1.0","","102.96","","","","","","Fog"
"-82.43","52.93","ATTAWAPISKAT A","6010400","2018-04-20 06:00","2018","04","20","06:00","-11.4","","-12.7","","90","","0.0","","","M","","M","1.2","","103.01","","","","","","Fog"
"-82.43","52.93","ATTAWAPISKAT A","6010400","2018-04-20 07:00","2018","04","20","07:00","-11.2","","-12.4","","91","","0.0","","","M","","M","16.1","","103.02","","","","","","NA"
"-82.43","52.93","ATTAWAPISKAT A","6010400","2018-04-20 08:00","2018","04","20","08:00","-9.2","","-10.3","","92","","0.0","","","M","","M","16.1","","103.03","","","","","","NA"
"-82.43","52.93","ATTAWAPISKAT A","6010400","2018-04-20 09:00","2018","04","20","09:00","-5.6","","-6.4","","94","","0.0","","","M","","M","16.1","","103.04","","","","","","NA"
"-82.43","52.93","ATTAWAPISKAT A","6010400","2018-04-20 10:00","2018","04","20","10:00","-3.2","","-3.9","","95","","0.0","","","M","","M","16.1","","103.02","","","","","","NA"
"-82.43","52.93","ATTAWAPISKAT A","6010400","2018-04-20 11:00","2018","04","20","11:00","0.2","","-3.9","","74","","0.0","","","M","","M","16.1","","103.01","","","","","","NA"
"-82.43","52.93","ATTAWAPISKAT A","6010400","2018-04-20 12:00","2018","04","20","12:00","1.4","","-4.9","","63","","0.0","","","M","","M","16.1","","103.00","","","","","","NA"
"-82.43","52.93","ATTAWAPISKAT A","6010400","2018-04-20 13:00","2018","04","20","13:00","2.2","","-4.7","","60","","0.0","","","M","","M","16.1","","102.98","","","","","","NA"
"-82.43","52.93","ATTAWAPISKAT A","6010400","2018-04-20 14:00","2018","04","20","14:00","2.1","","-5.1","","59","","0.0","","","M","","M","16.1","","103.01","","","","","","NA"
"-82.43","52.93","ATTAWAPISKAT A","6010400","2018-04-20 15:00","2018","04","20","15:00","1.8","","-4.6","","63","","0.0","","","M","","M","16.1","","103.02","","","","","","NA"
"-82.43","52.93","ATTAWAPISKAT A","6010400","2018-04-20 16:00","2018","04","20","16:00","1.7","","-4.4","","64","","0.0","","","M","","M","16.1","","103.02","","","","","","NA"
"-82.43","52.93","ATTAWAPISKAT A","6010400","2018-04-20 17:00","2018","04","20","17:00","1.5","","-4.9","","63","","0.0","","","M","","M","16.1","","103.01","","","","","","NA"
"-82.43","52.93","ATTAWAPISKAT A","6010400","2018-04-20 18:00","2018","04","20","18:00","0.9","","-4.6","","67","","0.0","","","M","","M","16.1","","103.03","","","","","","NA"
"-82.43","52.93","ATTAWAPISKAT A","6010400","2018-04-20 19:00","2018","04","20","19:00","-0.5","","-4.4","","75","","0.0","","","M","","M","16.1","","103.04","","","","","","NA"
"-82.43","52.93","ATTAWAPISKAT A","6010400","2018-04-20 20:00","2018","04","20","20:00","-2.9","","-5.1","","85","","0.0","","","M","","M","16.1","","103.05","","","","","","NA"
"-82.43","52.93","ATTAWAPISKAT A","6010400","2018-04-20 21:00","2018","04","20","21:00","-4.6","","-5.9","","91","","0.0","","","M","","M","16.1","","103.07","","","","","","NA"
"-82.43","52.93","ATTAWAPISKAT A","6010400","2018-04-20 22:00","2018","04","20","22:00","-7.1","","-8.1","","93","","0.0","","","M","","M","16.1","","103.06","","","","","","NA"
"-82.43","52.93","ATTAWAPISKAT A","6010400","2018-04-20 23:00","2018","04","20","23:00","-8.5","","-9.3","","94","","0.0","","","M","","M","16.1","","103.08","","","","","","NA"
"-82.43","52.93","ATTAWAPISKAT A","6010400","2018-04-21 00:00","2018","04","21","00:00","-9.2","","-10.1","","93","","0.0","","","M","","M","16.1","","103.11","","","","","","NA"
"-82.43","52.93","ATTAWAPISKAT A","6010400","2018-04-21 01:00","2018","04","21","01:00","-9.5","","-10.3","","94","","0.0","","","M","","M","0.6","","103.12","","","","","","Freezing Fog"
"-82.43","52.93","ATTAWAPISKAT A","6010400","2018-04-21 02:00","2018","04","21","02:00","-9.0","","-9.9","","93","","0.0","","","M","","M","0.8","","103.15","","","","","","Freezing Fog"
"-82.43","52.93","ATTAWAPISKAT A","6010400","2018-04-21 03:00","2018","04","21","03:00","-8.5","","-9.3","","94","","0.0","","","M","","M","0.8","","103.16","","","","","","Freezing Fog"
"-82.43","52.93","ATTAWAPISKAT A","6010400","2018-04-21 04:00","2018","04","21","04:00","-7.8","","-8.6","","94","","0.0","","","M","","M","1.2","","103.15","","","","","","Fog"
"-82.43","52.93","ATTAWAPISKAT A","6010400","2018-04-21 05:00","2018","04","21","05:00","-7.8","","-8.7","","93","","0.0","","","M","","M","0.8","","103.13","","","","","","Freezing Fog"
"-82.43","52.93","ATTAWAPISKAT A","6010400","2018-04-21 06:00","2018","04","21","06:00","-8.2","","-9.1","","93","","0.0","","","M","","M","0.4","","103.14","","","","","","Freezing Fog"
"-82.43","52.93","ATTAWAPISKAT A","6010400","2018-04-21 07:00","2018","04","21","07:00","-8.1","","-9.0","","93","","0.0","","","M","","M","0.6","","103.18","","","","","","Freezing Fog"
"-82.43","52.93","ATTAWAPISKAT A","6010400","2018-04-21 08:00","2018","04","21","08:00","-7.8","","-8.7","","93","","0.0","","","M","","M","0.8","","103.22","","","","","","Freezing Fog"
"-82.43","52.93","ATTAWAPISKAT A","6010400","2018-04-21 09:00","2018","04","21","09:00","-6.8","","-7.6","","94","","0.0","","","M","","M","6.4","","103.18","","","","","","Fog"
"-82.43","52.93","ATTAWAPISKAT A","6010400","2018-04-21 10:00","2018","04","21","10:00","-4.9","","-5.6","","95","","0.0","","","M","","M","16.1","","103.12","","","","","","NA"
"-82.43","52.93","ATTAWAPISKAT A","6010400","2018-04-21 11:00","2018","04","21","11:00","-3.1","","-3.7","","96","","0.0","","","M","","M","16.1","","103.07","","","","","","NA"
"-82.43","52.93","ATTAWAPISKAT A","6010400","2018-04-21 12:00","2018","04","21","12:00","-0.9","","-2.5","","89","","0.0","","","M","","M","16.1","","103.07","","","","","","NA"
"-82.43","52.93","ATTAWAPISKAT A","6010400","2018-04-21 13:00","2018","04","21","13:00","1.8","","-2.9","","71","","0.0","","","M","","M","16.1","","103.01","","","","","","NA"
"-82.43","52.93","ATTAWAPISKAT A","6010400","2018-04-21 14:00","2018","04","21","14:00","2.3","","-3.4","","66","","0.0","","","M","","M","16.1","","102.97","","","","","","NA"
"-82.43","52.93","ATTAWAPISKAT A","6010400","2018-04-21 15:00","2018","04","21","15:00","3.1","","-3.0","","64","","0.0","","","M","","M","16.1","","102.90","","","","","","NA"
"-82.43","52.93","ATTAWAPISKAT A","6010400","2018-04-21 16:00","2018","04","21","16:00","3.8","","-2.8","","62","","0.0","","","M","","M","16.1","","102.83","","","","","","NA"
"-82.43","52.93","ATTAWAPISKAT A","6010400","2018-04-21 17:00","2018","04","21","17:00","2.9","","-2.7","","67","","0.0","","","M","","M","16.1","","102.79","","","","","","NA"
"-82.43","52.93","ATTAWAPISKAT A","6010400","2018-04-21 18:00","2018","04","21","18:00","2.5","","-3.1","","67","","0.0","","","M","","M","16.1","","102.80","","","","","","NA"
"-82.43","52.93","ATTAWAPISKAT A","6010400","2018-04-21 19:00","2018","04","21","19:00","0.4","","-3.4","","76","","0.0","","","M","","M","16.1","","102.77","","","","","","NA"
"-82.43","52.93","ATTAWAPISKAT A","6010400","2018-04-21 20:00","2018","04","21","20:00","-1.5","","-4.2","","82","","0.0","","","M","","M","16.1","","102.77","","","","","","NA"
"-82.43","52.93","ATTAWAPISKAT A","6010400","2018-04-21 21:00","2018","04","21","21:00","-2.8","","-4.8","","86","","0.0","","","M","","M","16.1","","102.75","","","","","","NA"
"-82.43","52.93","ATTAWAPISKAT A","6010400","2018-04-21 22:00","2018","04","21","22:00","-2.9","","-5.2","","84","","0.0","","","M","","M","16.1","","102.73","","","","","","NA"
"-82.43","52.93","ATTAWAPISKAT A","6010400","2018-04-21 23:00","2018","04","21","23:00","-3.4","","-5.4","","86","","0.0","","","M","","M","16.1","","102.70","","","","","","NA"
"-82.43","52.93","ATTAWAPISKAT A","6010400","2018-04-22 00:00","2018","04","22","00:00","-3.9","","-5.9","","86","","0.0","","","M","","M","16.1","","102.65","","","","","","NA"
"-82.43","52.93","ATTAWAPISKAT A","6010400","2018-04-22 01:00","2018","04","22","01:00","-3.8","","-5.8","","86","","0.0","","","M","","M","16.1","","102.66","","","","","","NA"
"-82.43","52.93","ATTAWAPISKAT A","6010400","2018-04-22 02:00","2018","04","22","02:00","-4.4","","-6.3","","87","","0.0","","","M","","M","16.1","","102.60","","","","","","NA"
"-82.43","52.93","ATTAWAPISKAT A","6010400","2018-04-22 03:00","2018","04","22","03:00","-4.5","","-6.5","","86","","0.0","","","M","","M","16.1","","102.58","","","","","","NA"
"-82.43","52.93","ATTAWAPISKAT A","6010400","2018-04-22 04:00","2018","04","22","04:00","-4.3","","-6.6","","84","","0.0","","","M","","M","16.1","","102.55","","","","","","NA"
"-82.43","52.93","ATTAWAPISKAT A","6010400","2018-04-22 05:00","2018","04","22","05:00","-4.4","","-6.9","","83","","0.0","","","M","","M","16.1","","102.52","","","","","","NA"
"-82.43","52.93","ATTAWAPISKAT A","6010400","2018-04-22 06:00","2018","04","22","06:00","-3.6","","-6.9","","78","","0.0","","","M","","M","16.1","","102.49","","","","","","NA"
"-82.43","52.93","ATTAWAPISKAT A","6010400","2018-04-22 07:00","2018","04","22","07:00","-1.1","","-6.8","","66","","0.0","","","M","","M","16.1","","102.44","","","","","","NA"
"-82.43","52.93","ATTAWAPISKAT A","6010400","2018-04-22 08:00","2018","04","22","08:00","2.7","","-6.2","","52","","0.0","","","M","","M","16.1","","102.40","","","","","","NA"
"-82.43","52.93","ATTAWAPISKAT A","6010400","2018-04-22 09:00","2018","04","22","09:00","6.5","","-5.9","","41","","0.0","","","M","","M","16.1","","102.32","","","","","","NA"
"-82.43","52.93","ATTAWAPISKAT A","6010400","2018-04-22 10:00","2018","04","22","10:00","9.0","","-5.6","","35","","0.0","","","M","","M","16.1","","102.24","","","","","","NA"
"-82.43","52.93","ATTAWAPISKAT A","6010400","2018-04-22 11:00","2018","04","22","11:00","10.9","","-5.6","","31","","0.0","","","M","","M","16.1","","102.21","","","","","","NA"
"-82.43","52.93","ATTAWAPISKAT A","6010400","2018-04-22 12:00","2018","04","22","12:00","12.3","","-5.2","","29","","0.0","","","M","","M","16.1","","102.16","","","","","","NA"
"-82.43","52.93","ATTAWAPISKAT A","6010400","2018-04-22 13:00","2018","04","22","13:00","13.6","","-4.8","","27","","0.0","","","M","","M","16.1","","102.12","","","","","","NA"
"-82.43","52.93","ATTAWAPISKAT A","6010400","2018-04-22 14:00","2018","04","22","14:00","14.2","","-3.7","","29","","0.0","","","M","","M","16.1","","102.09","","","","","","NA"
"-82.43","52.93","ATTAWAPISKAT A","6010400","2018-04-22 15:00","2018","04","22","15:00","14.6","","-4.7","","26","","0.0","","","M","","M","16.1","","102.05","","","","","","NA"
"-82.43","52.93","ATTAWAPISKAT A","6010400","2018-04-22 16:00","2018","04","22","16:00"
"-82.43","52.93","ATTAWAPISKAT A","6010400","2018-04-22 17:00","2018","04","22","17:00"
"-82.43","52.93","ATTAWAPISKAT A","6010400","2018-04-22 18:00","2018","04","22","18:00"
"-82.43","52.93","ATTAWAPISKAT A","6010400","2018-04-22 19:00","2018","04","22","19:00","12.0","","-4.5","","31","","0.2","","","M","","M","16.1","","101.85","","","","","","NA"
"-82.43","52.93","ATTAWAPISKAT A","6010400","2018-04-22 20:00","2018","04","22","20:00","9.4","","-4.3","","38","","0.0","","","M","","M","16.1","","101.82","","","","","","NA"
"-82.43","52.93","ATTAWAPISKAT A","6010400","2018-04-22 21:00","2018","04","22","21:00","7.5","","-3.8","","45","","0.0","","","M","","M","16.1","","101.77","","","","","","NA"
"-82.43","52.93","ATTAWAPISKAT A","6010400","2018-04-22 22:00","2018","04","22","22:00","6.9","","-3.8","","47","","0.0","","","M","","M","16.1","","101.67","","","","","","NA"
"-82.43","52.93","ATTAWAPISKAT A","6010400","2018-04-22 23:00","2018","04","22","23:00","7.6","","-3.9","","44","","0.0","","","M","","M","16.1","","101.63","","","","","","NA"
"-82.43","52.93","ATTAWAPISKAT A","6010400","2018-04-23 00:00","2018","04","23","00:00","8.4","","-4.3","","40","","0.0","","","M","","M","16.1","","101.58","","","","","","NA"
"-82.43","52.93","ATTAWAPISKAT A","6010400","2018-04-23 01:00","2018","04","23","01:00","7.9","","-4.3","","42","","0.0","","","M","","M","16.1","","101.51","","","","","","NA"
"-82.43","52.93","ATTAWAPISKAT A","6010400","2018-04-23 02:00","2018","04","23","02:00","7.0","","-4.4","","44","","0.0","","","M","","M","16.1","","101.43","","","","","","NA"
"-82.43","52.93","ATTAWAPISKAT A","6010400","2018-04-23 03:00","2018","04","23","03:00","6.7","","-4.6","","45","","0.0","","","M","","M","16.1","","101.36","","","","","","NA"
"-82.43","52.93","ATTAWAPISKAT A","6010400","2018-04-23 04:00","2018","04","23","04:00","6.1","","-3.3","","51","","0.0","","","M","","M","16.1","","101.32","","","","","","NA"
"-82.43","52.93","ATTAWAPISKAT A","6010400","2018-04-23 05:00","2018","04","23","05:00","5.8","","-0.5","","64","","0.0","","","M","","M","16.1","","101.19","","","","","","Rain"
"-82.43","52.93","ATTAWAPISKAT A","6010400","2018-04-23 06:00","2018","04","23","06:00","5.2","","-1.7","","61","","0.0","","","M","","M","16.1","","101.19","","","","","","NA"
"-82.43","52.93","ATTAWAPISKAT A","6010400","2018-04-23 07:00","2018","04","23","07:00","6.2","","-2.7","","53","","0.0","","","M","","M","16.1","","101.18","","","","","","NA"
"-82.43","52.93","ATTAWAPISKAT A","6010400","2018-04-23 08:00","2018","04","23","08:00","7.8","","-2.9","","47","","0.0","","","M","","M","16.1","","101.12","","","","","","NA"
"-82.43","52.93","ATTAWAPISKAT A","6010400","2018-04-23 09:00","2018","04","23","09:00","8.9","","-1.8","","47","","0.0","","","M","","M","16.1","","101.06","","","","","","NA"
"-82.43","52.93","ATTAWAPISKAT A","6010400","2018-04-23 10:00","2018","04","23","10:00","10.1","","-1.3","","45","","0.0","","","M","","M","16.1","","100.96","","","","","","NA"
"-82.43","52.93","ATTAWAPISKAT A","6010400","2018-04-23 11:00","2018","04","23","11:00","10.6","","-1.1","","44","","0.0","","","M","","M","16.1","","100.87","","","","","","NA"
"-82.43","52.93","ATTAWAPISKAT A","6010400","2018-04-23 12:00","2018","04","23","12:00","11.1","","0.3","","47","","0.0","","","M","","M","16.1","","100.86","","","","","","NA"
"-82.43","52.93","ATTAWAPISKAT A","6010400","2018-04-23 13:00","2018","04","23","13:00","11.8","","0.7","","46","","0.0","","","M","","M","16.1","","100.82","","","","","","NA"
"-82.43","52.93","ATTAWAPISKAT A","6010400","2018-04-23 14:00","2018","04","23","14:00","12.4","","0.8","","45","","0.0","","","M","","M","16.1","","100.81","","","","","","NA"
"-82.43","52.93","ATTAWAPISKAT A","6010400","2018-04-23 15:00","2018","04","23","15:00","13.0","","0.7","","43","","0.0","","","M","","M","16.1","","100.79","","","","","","NA"
"-82.43","52.93","ATTAWAPISKAT A","6010400","2018-04-23 16:00","2018","04","23","16:00","12.1","","0.9","","46","","0.0","","","M","","M","16.1","","100.86","","","","","","NA"
"-82.43","52.93","ATTAWAPISKAT A","6010400","2018-04-23 17:00","2018","04","23","17:00","8.8","","0.5","","56","","0.0","","","M","","M","16.1","","100.99","","","","","","NA"
"-82.43","52.93","ATTAWAPISKAT A","6010400","2018-04-23 18:00","2018","04","23","18:00","7.9","","0.6","","60","","0.0","","","M","","M","16.1","","101.05","","","","","","NA"
"-82.43","52.93","ATTAWAPISKAT A","6010400","2018-04-23 19:00","2018","04","23","19:00","7.8","","0.7","","61","","0.0","","","M","","M","16.1","","101.11","","","","","","NA"
"-82.43","52.93","ATTAWAPISKAT A","6010400","2018-04-23 20:00","2018","04","23","20:00","5.5","","0.3","","69","","0.0","","","M","","M","16.1","","101.18","","","","","","NA"
"-82.43","52.93","ATTAWAPISKAT A","6010400","2018-04-23 21:00","2018","04","23","21:00","4.9","","0.1","","71","","0.0","","","M","","M","16.1","","101.25","","","","","","NA"
"-82.43","52.93","ATTAWAPISKAT A","6010400","2018-04-23 22:00","2018","04","23","22:00","3.9","","0.1","","76","","0.0","","","M","","M","16.1","","101.30","","","","","","NA"
"-82.43","52.93","ATTAWAPISKAT A","6010400","2018-04-23 23:00","2018","04","23","23:00","2.9","","-0.2","","80","","0.0","","","M","","M","16.1","","101.30","","","","","","NA"
"-82.43","52.93","ATTAWAPISKAT A","6010400","2018-04-24 00:00","2018","04","24","00:00","2.3","","-1.1","","78","","0.0","","","M","","M","16.1","","101.35","","","","","","NA"
"-82.43","52.93","ATTAWAPISKAT A","6010400","2018-04-24 01:00","2018","04","24","01:00","2.0","","-1.4","","78","","0.0","","","M","","M","16.1","","101.43","","","","","","NA"
"-82.43","52.93","ATTAWAPISKAT A","6010400","2018-04-24 02:00","2018","04","24","02:00","1.6","","-2.1","","76","","0.0","","","M","","M","16.1","","101.48","","","","","","NA"
"-82.43","52.93","ATTAWAPISKAT A","6010400","2018-04-24 03:00","2018","04","24","03:00","1.2","","-2.3","","77","","0.0","","","M","","M","16.1","","101.52","","","","","","NA"
"-82.43","52.93","ATTAWAPISKAT A","6010400","2018-04-24 04:00","2018","04","24","04:00","1.0","","-2.2","","79","","0.0","","","M","","M","16.1","","101.57","","","","","","NA"
"-82.43","52.93","ATTAWAPISKAT A","6010400","2018-04-24 05:00","2018","04","24","05:00","0.6","","-2.6","","79","","0.0","","","M","","M","16.1","","101.61","","","","","","NA"
"-82.43","52.93","ATTAWAPISKAT A","6010400","2018-04-24 06:00","2018","04","24","06:00","0.4","","-2.6","","81","","0.0","","","M","","M","16.1","","101.65","","","","","","NA"
"-82.43","52.93","ATTAWAPISKAT A","6010400","2018-04-24 07:00","2018","04","24","07:00","0.2","","-2.2","","84","","0.0","","","M","","M","16.1","","101.71","","","","","","NA"
"-82.43","52.93","ATTAWAPISKAT A","6010400","2018-04-24 08:00","2018","04","24","08:00","0.2","","-3.1","","79","","0.0","","","M","","M","16.1","","101.73","","","","","","NA"
"-82.43","52.93","ATTAWAPISKAT A","6010400","2018-04-24 09:00","2018","04","24","09:00","0.3","","-3.1","","78","","0.0","","","M","","M","16.1","","101.78","","","","","","NA"
"-82.43","52.93","ATTAWAPISKAT A","6010400","2018-04-24 10:00","2018","04","24","10:00","0.6","","-3.4","","75","","0.0","","","M","","M","16.1","","101.81","","","","","","NA"
"-82.43","52.93","ATTAWAPISKAT A","6010400","2018-04-24 11:00","2018","04","24","11:00","1.0","","-4.4","","68","","0.0","","","M","","M","16.1","","101.85","","","","","","NA"
"-82.43","52.93","ATTAWAPISKAT A","6010400","2018-04-24 12:00","2018","04","24","12:00","0.9","","-4.3","","68","","0.0","","","M","","M","16.1","","101.88","","","","","","NA"
"-82.43","52.93","ATTAWAPISKAT A","6010400","2018-04-24 13:00","2018","04","24","13:00","0.3","","-4.6","","70","","0.0","","","M","","M","16.1","","101.90","","","","","","NA"
"-82.43","52.93","ATTAWAPISKAT A","6010400","2018-04-24 14:00","2018","04","24","14:00","0.3","","-5.0","","68","","0.0","","","M","","M","16.1","","101.92","","","","","","NA"
"-82.43","52.93","ATTAWAPISKAT A","6010400","2018-04-24 15:00","2018","04","24","15:00","-0.5","","-5.4","","70","","0.0","","","M","","M","16.1","","101.97","","","","","","NA"
"-82.43","52.93","ATTAWAPISKAT A","6010400","2018-04-24 16:00","2018","04","24","16:00","-1.0","","-6.0","","69","","0.0","","","M","","M","12.9","","102.03","","","","","","NA"
"-82.43","52.93","ATTAWAPISKAT A","6010400","2018-04-24 17:00","2018","04","24","17:00","-1.5","","-5.9","","72","","0.0","","","M","","M","16.1","","102.10","","","","","","NA"
"-82.43","52.93","ATTAWAPISKAT A","6010400","2018-04-24 18:00","2018","04","24","18:00","-2.8","","-6.1","","78","","0.0","","","M","","M","16.1","","102.18","","","","","","Snow"
"-82.43","52.93","ATTAWAPISKAT A","6010400","2018-04-24 19:00","2018","04","24","19:00","-2.9","","-6.1","","79","","0.0","","","M","","M","16.1","","102.25","","","","","","Snow"
"-82.43","52.93","ATTAWAPISKAT A","6010400","2018-04-24 20:00","2018","04","24","20:00","-3.4","","-6.6","","79","","0.0","","","M","","M","16.1","","102.28","","","","","","Snow"
"-82.43","52.93","ATTAWAPISKAT A","6010400","2018-04-24 21:00","2018","04","24","21:00","-3.7","","-6.7","","80","","0.0","","","M","","M","16.1","","102.30","","","","","","NA"
"-82.43","52.93","ATTAWAPISKAT A","6010400","2018-04-24 22:00","2018","04","24","22:00","-3.6","","-6.5","","81","","0.0","","","M","","M","16.1","","102.27","","","","","","NA"
"-82.43","52.93","ATTAWAPISKAT A","6010400","2018-04-24 23:00","2018","04","24","23:00","-4.4","","-6.7","","84","","0.0","","","M","","M","16.1","","102.27","","","","","","NA"
"-82.43","52.93","ATTAWAPISKAT A","6010400","2018-04-25 00:00","2018","04","25","00:00","-4.7","","-7.0","","84","","0.0","","","M","","M","16.1","","102.28","","","","","","NA"
"-82.43","52.93","ATTAWAPISKAT A","6010400","2018-04-25 01:00","2018","04","25","01:00","-5.8","","-7.9","","86","","0.0","","","M","","M","16.1","","102.28","","","","","","NA"
"-82.43","52.93","ATTAWAPISKAT A","6010400","2018-04-25 02:00","2018","04","25","02:00","-7.5","","-8.0","","96","","0.0","","","M","","M","16.1","","102.26","","","","","","NA"
"-82.43","52.93","ATTAWAPISKAT A","6010400","2018-04-25 03:00","2018","04","25","03:00","-8.9","","-8.9","","100","","0.0","","","M","","M","16.1","","102.25","","","","","","NA"
"-82.43","52.93","ATTAWAPISKAT A","6010400","2018-04-25 04:00","2018","04","25","04:00","-9.4","","-9.4","","100","","0.0","","","M","","M","16.1","","102.26","","","","","","NA"
"-82.43","52.93","ATTAWAPISKAT A","6010400","2018-04-25 05:00","2018","04","25","05:00","-9.9","","-9.9","","100","","0.0","","","M","","M","16.1","","102.21","","","","","","NA"
"-82.43","52.93","ATTAWAPISKAT A","6010400","2018-04-25 06:00","2018","04","25","06:00","-8.3","","-8.3","","100","","0.0","","","M","","M","16.1","","102.17","","","","","","NA"
"-82.43","52.93","ATTAWAPISKAT A","6010400","2018-04-25 07:00","2018","04","25","07:00","-5.5","","-8.4","","80","","0.0","","","M","","M","16.1","","102.14","","","","","","NA"
"-82.43","52.93","ATTAWAPISKAT A","6010400","2018-04-25 08:00","2018","04","25","08:00","-3.0","","-8.0","","69","","0.0","","","M","","M","16.1","","102.08","","","","","","NA"
"-82.43","52.93","ATTAWAPISKAT A","6010400","2018-04-25 09:00","2018","04","25","09:00","-1.0","","-8.3","","58","","0.0","","","M","","M","16.1","","101.95","","","","","","NA"
"-82.43","52.93","ATTAWAPISKAT A","6010400","2018-04-25 10:00","2018","04","25","10:00","0.6","","-8.8","","50","","0.0","","","M","","M","16.1","","101.85","","","","","","NA"
"-82.43","52.93","ATTAWAPISKAT A","6010400","2018-04-25 11:00","2018","04","25","11:00","2.0","","-8.7","","45","","0.0","","","M","","M","16.1","","101.75","","","","","","NA"
"-82.43","52.93","ATTAWAPISKAT A","6010400","2018-04-25 12:00","2018","04","25","12:00","3.3","","-7.2","","46","","0.0","","","M","","M","16.1","","101.63","","","","","","NA"
"-82.43","52.93","ATTAWAPISKAT A","6010400","2018-04-25 13:00","2018","04","25","13:00","4.3","","-6.5","","46","","0.0","","","M","","M","16.1","","101.48","","","","","","NA"
"-82.43","52.93","ATTAWAPISKAT A","6010400","2018-04-25 14:00","2018","04","25","14:00","4.2","","-6.0","","48","","0.0","","","M","","M","16.1","","101.38","","","","","","NA"
"-82.43","52.93","ATTAWAPISKAT A","6010400","2018-04-25 15:00","2018","04","25","15:00","5.3","","-5.2","","47","","0.0","","","M","","M","14.5","","101.26","","","","","","NA"
"-82.43","52.93","ATTAWAPISKAT A","6010400","2018-04-25 16:00","2018","04","25","16:00","5.4","","-5.3","","46","","0.0","","","M","","M","11.3","","101.11","","","","","","NA"
"-82.43","52.93","ATTAWAPISKAT A","6010400","2018-04-25 17:00","2018","04","25","17:00","5.2","","-4.3","","50","","0.0","","","M","","M","14.5","","100.97","","","","","","NA"
"-82.43","52.93","ATTAWAPISKAT A","6010400","2018-04-25 18:00","2018","04","25","18:00","4.3","","-4.1","","54","","0.0","","","M","","M","16.1","","100.84","","","","","","NA"
"-82.43","52.93","ATTAWAPISKAT A","6010400","2018-04-25 19:00","2018","04","25","19:00","3.7","","-3.7","","59","","0.0","","","M","","M","16.1","","100.74","","","","","","NA"
"-82.43","52.93","ATTAWAPISKAT A","6010400","2018-04-25 20:00","2018","04","25","20:00","3.5","","-3.3","","61","","0.0","","","M","","M","16.1","","100.84","","","","","","NA"
"-82.43","52.93","ATTAWAPISKAT A","6010400","2018-04-25 21:00","2018","04","25","21:00","2.7","","-3.2","","65","","0.0","","","M","","M","16.1","","100.75","","","","","","NA"
"-82.43","52.93","ATTAWAPISKAT A","6010400","2018-04-25 22:00","2018","04","25","22:00","1.9","","-3.2","","69","","0.0","","","M","","M","16.1","","100.66","","","","","","NA"
"-82.43","52.93","ATTAWAPISKAT A","6010400","2018-04-25 23:00","2018","04","25","23:00","2.0","","-3.0","","70","","0.0","","","M","","M","16.1","","100.56","","","","","","NA"
"-82.43","52.93","ATTAWAPISKAT A","6010400","2018-04-26 00:00","2018","04","26","00:00","2.2","","-3.1","","68","","0.0","","","M","","M","16.1","","100.50","","","","","","NA"
"-82.43","52.93","ATTAWAPISKAT A","6010400","2018-04-26 01:00","2018","04","26","01:00","1.8","","-3.1","","70","","0.0","","","M","","M","16.1","","100.42","","","","","","NA"
"-82.43","52.93","ATTAWAPISKAT A","6010400","2018-04-26 02:00","2018","04","26","02:00","1.5","","-3.2","","71","","0.0","","","M","","M","16.1","","100.35","","","","","","NA"
"-82.43","52.93","ATTAWAPISKAT A","6010400","2018-04-26 03:00","2018","04","26","03:00","1.5","","-3.0","","72","","0.0","","","M","","M","16.1","","100.31","","","","","","NA"
"-82.43","52.93","ATTAWAPISKAT A","6010400","2018-04-26 04:00","2018","04","26","04:00","0.6","","-2.8","","78","","0.0","","","M","","M","16.1","","100.27","","","","","","NA"
"-82.43","52.93","ATTAWAPISKAT A","6010400","2018-04-26 05:00","2018","04","26","05:00","0.0","","-2.9","","81","","0.0","","","M","","M","16.1","","100.28","","","","","","NA"
"-82.43","52.93","ATTAWAPISKAT A","6010400","2018-04-26 06:00","2018","04","26","06:00","-0.5","","-2.4","","87","","0.0","","","M","","M","16.1","","100.34","","","","","","NA"
"-82.43","52.93","ATTAWAPISKAT A","6010400","2018-04-26 07:00","2018","04","26","07:00","1.6","","-2.1","","76","","0.0","","","M","","M","16.1","","100.38","","","","","","NA"
"-82.43","52.93","ATTAWAPISKAT A","6010400","2018-04-26 08:00","2018","04","26","08:00","1.6","","-0.2","","88","","0.0","","","M","","M","16.1","","100.41","","","","","","NA"
"-82.43","52.93","ATTAWAPISKAT A","6010400","2018-04-26 09:00","2018","04","26","09:00","0.7","","0.7","","100","","0.0","","","M","","M","6.4","","100.46","","","","","","Snow"
"-82.43","52.93","ATTAWAPISKAT A","6010400","2018-04-26 10:00","2018","04","26","10:00","-0.8","","-0.8","","100","","0.5","","","M","","M","1.6","","100.52","","","","","","Snow"
"-82.43","52.93","ATTAWAPISKAT A","6010400","2018-04-26 11:00","2018","04","26","11:00","-1.8","","-1.8","","100","","0.2","","","M","","M","2.4","","100.60","","","","","","Snow"
"-82.43","52.93","ATTAWAPISKAT A","6010400","2018-04-26 12:00","2018","04","26","12:00","-2.4","","-2.4","","100","","0.5","","","M","","M","0.8","","100.65","","","","","","Moderate Snow"
"-82.43","52.93","ATTAWAPISKAT A","6010400","2018-04-26 13:00","2018","04","26","13:00","-2.8","","-3.9","","92","","0.5","","","M","","M","2.4","","100.74","","","","","","Snow"
"-82.43","52.93","ATTAWAPISKAT A","6010400","2018-04-26 14:00","2018","04","26","14:00","-3.8","","-5.2","","90","","0.2","","","M","","M","1.2","","100.81","","","","","","Snow"
"-82.43","52.93","ATTAWAPISKAT A","6010400","2018-04-26 15:00","2018","04","26","15:00","-4.1","","-6.0","","87","","0.5","","","M","","M","1.6","","100.87","","","","","","Snow"
"-82.43","52.93","ATTAWAPISKAT A","6010400","2018-04-26 16:00","2018","04","26","16:00","-3.6","","-5.8","","85","","0.0","","","M","","M","3.6","","100.94","","","","","","Snow"
"-82.43","52.93","ATTAWAPISKAT A","6010400","2018-04-26 17:00","2018","04","26","17:00","-3.5","","-6.8","","78","","0.0","","","M","","M","16.1","","101.00","","","","","","NA"
"-82.43","52.93","ATTAWAPISKAT A","6010400","2018-04-26 18:00","2018","04","26","18:00","-3.9","","-7.9","","74","","0.0","","","M","","M","16.1","","101.08","","","","","","NA"
"-82.43","52.93","ATTAWAPISKAT A","6010400","2018-04-26 19:00","2018","04","26","19:00","-4.0","","-8.6","","70","","0.0","","","M","","M","16.1","","101.16","","","","","","NA"
"-82.43","52.93","ATTAWAPISKAT A","6010400","2018-04-26 20:00","2018","04","26","20:00","-6.3","","-10.5","","72","","0.0","","","M","","M","16.1","","101.19","","","","","","NA"
"-82.43","52.93","ATTAWAPISKAT A","6010400","2018-04-26 21:00","2018","04","26","21:00","-7.9","","-11.5","","76","","0.0","","","M","","M","16.1","","101.26","","","","","","NA"
"-82.43","52.93","ATTAWAPISKAT A","6010400","2018-04-26 22:00","2018","04","26","22:00","-9.2","","-12.5","","77","","0.0","","","M","","M","16.1","","101.28","","","","","","NA"
"-82.43","52.93","ATTAWAPISKAT A","6010400","2018-04-26 23:00","2018","04","26","23:00","-10.4","","-13.2","","80","","0.0","","","M","","M","16.1","","101.32","","","","","","NA"
"-82.43","52.93","ATTAWAPISKAT A","6010400","2018-04-27 00:00","2018","04","27","00:00","-11.2","","-13.7","","82","","0.0","","","M","","M","16.1","","101.35","","","","","","NA"
"-82.43","52.93","ATTAWAPISKAT A","6010400","2018-04-27 01:00","2018","04","27","01:00","-12.1","","-14.3","","84","","0.0","","","M","","M","16.1","","101.37","","","","","","NA"
"-82.43","52.93","ATTAWAPISKAT A","6010400","2018-04-27 02:00","2018","04","27","02:00","-12.7","","-14.6","","86","","0.0","","","M","","M","16.1","","101.38","","","","","","NA"
"-82.43","52.93","ATTAWAPISKAT A","6010400","2018-04-27 03:00","2018","04","27","03:00","-13.7","","-15.1","","89","","0.0","","","M","","M","16.1","","101.43","","","","","","NA"
"-82.43","52.93","ATTAWAPISKAT A","6010400","2018-04-27 04:00","2018","04","27","04:00","-14.4","","-15.7","","90","","0.0","","","M","","M","16.1","","101.50","","","","","","NA"
"-82.43","52.93","ATTAWAPISKAT A","6010400","2018-04-27 05:00","2018","04","27","05:00","-14.8","","-16.2","","89","","0.0","","","M","","M","16.1","","101.54","","","","","","NA"
"-82.43","52.93","ATTAWAPISKAT A","6010400","2018-04-27 06:00","2018","04","27","06:00","-14.2","","-15.8","","88","","0.0","","","M","","M","16.1","","101.61","","","","","","NA"
"-82.43","52.93","ATTAWAPISKAT A","6010400","2018-04-27 07:00","2018","04","27","07:00","-11.6","","-14.2","","81","","0.0","","","M","","M","16.1","","101.67","","","","","","NA"
"-82.43","52.93","ATTAWAPISKAT A","6010400","2018-04-27 08:00","2018","04","27","08:00","-10.3","","-13.9","","75","","0.0","","","M","","M","16.1","","101.72","","","","","","NA"
"-82.43","52.93","ATTAWAPISKAT A","6010400","2018-04-27 09:00","2018","04","27","09:00","-8.7","","-13.9","","66","","0.0","","","M","","M","16.1","","101.77","","","","","","NA"
"-82.43","52.93","ATTAWAPISKAT A","6010400","2018-04-27 10:00","2018","04","27","10:00","-8.1","","-14.2","","62","","0.0","","","M","","M","16.1","","101.83","","","","","","NA"
"-82.43","52.93","ATTAWAPISKAT A","6010400","2018-04-27 11:00","2018","04","27","11:00","-7.5","","-13.2","","64","","0.0","","","M","","M","16.1","","101.89","","","","","","NA"
"-82.43","52.93","ATTAWAPISKAT A","6010400","2018-04-27 12:00","2018","04","27","12:00","-7.4","","-12.4","","68","","0.0","","","M","","M","16.1","","101.94","","","","","","NA"
"-82.43","52.93","ATTAWAPISKAT A","6010400","2018-04-27 13:00","2018","04","27","13:00","-7.0","","-12.1","","67","","0.0","","","M","","M","16.1","","101.97","","","","","","NA"
"-82.43","52.93","ATTAWAPISKAT A","6010400","2018-04-27 14:00","2018","04","27","14:00","-6.4","","-11.1","","70","","0.0","","","M","","M","16.1","","101.99","","","","","","NA"
"-82.43","52.93","ATTAWAPISKAT A","6010400","2018-04-27 15:00","2018","04","27","15:00","-6.4","","-11.2","","69","","0.0","","","M","","M","16.1","","101.99","","","","","","NA"
"-82.43","52.93","ATTAWAPISKAT A","6010400","2018-04-27 16:00","2018","04","27","16:00","-6.8","","-11.0","","72","","0.0","","","M","","M","16.1","","102.03","","","","","","NA"
"-82.43","52.93","ATTAWAPISKAT A","6010400","2018-04-27 17:00","2018","04","27","17:00","-7.4","","-11.4","","73","","0.0","","","M","","M","16.1","","102.10","","","","","","NA"
"-82.43","52.93","ATTAWAPISKAT A","6010400","2018-04-27 18:00","2018","04","27","18:00","-8.1","","-12.3","","72","","0.0","","","M","","M","16.1","","102.16","","","","","","NA"
"-82.43","52.93","ATTAWAPISKAT A","6010400","2018-04-27 19:00","2018","04","27","19:00","-9.0","","-12.4","","77","","0.0","","","M","","M","16.1","","102.21","","","","","","NA"
"-82.43","52.93","ATTAWAPISKAT A","6010400","2018-04-27 20:00","2018","04","27","20:00","-9.8","","-12.8","","79","","0.0","","","M","","M","16.1","","102.24","","","","","","NA"
"-82.43","52.93","ATTAWAPISKAT A","6010400","2018-04-27 21:00","2018","04","27","21:00","-10.8","","-12.9","","84","","0.0","","","M","","M","16.1","","102.31","","","","","","NA"
"-82.43","52.93","ATTAWAPISKAT A","6010400","2018-04-27 22:00","2018","04","27","22:00","-12.4","","-13.9","","89","","0.0","","","M","","M","16.1","","102.32","","","","","","NA"
"-82.43","52.93","ATTAWAPISKAT A","6010400","2018-04-27 23:00","2018","04","27","23:00","-13.3","","-14.6","","90","","0.0","","","M","","M","16.1","","102.31","","","","","","NA"
"-82.43","52.93","ATTAWAPISKAT A","6010400","2018-04-28 00:00","2018","04","28","00:00","-13.9","","-15.4","","89","","0.0","","","M","","M","16.1","","102.34","","","","","","NA"
"-82.43","52.93","ATTAWAPISKAT A","6010400","2018-04-28 01:00","2018","04","28","01:00","-13.8","","-15.2","","89","","0.0","","","M","","M","16.1","","102.35","","","","","","NA"
"-82.43","52.93","ATTAWAPISKAT A","6010400","2018-04-28 02:00","2018","04","28","02:00","-13.5","","-14.9","","89","","0.0","","","M","","M","16.1","","102.34","","","","","","Snow"
"-82.43","52.93","ATTAWAPISKAT A","6010400","2018-04-28 03:00","2018","04","28","03:00","-13.1","","-14.6","","89","","0.0","","","M","","M","16.1","","102.37","","","","","","Snow"
"-82.43","52.93","ATTAWAPISKAT A","6010400","2018-04-28 04:00","2018","04","28","04:00","-12.6","","-14.1","","89","","0.0","","","M","","M","11.3","","102.41","","","","","","Snow"
"-82.43","52.93","ATTAWAPISKAT A","6010400","2018-04-28 05:00","2018","04","28","05:00","-12.0","","-13.5","","89","","0.0","","","M","","M","4.8","","102.44","","","","","","Snow"
"-82.43","52.93","ATTAWAPISKAT A","6010400","2018-04-28 06:00","2018","04","28","06:00","-10.6","","-12.5","","86","","0.0","","","M","","M","16.1","","102.49","","","","","","Snow"
"-82.43","52.93","ATTAWAPISKAT A","6010400","2018-04-28 07:00","2018","04","28","07:00","-10.7","","-13.1","","83","","0.0","","","M","","M","16.1","","102.57","","","","","","Snow"
"-82.43","52.93","ATTAWAPISKAT A","6010400","2018-04-28 08:00","2018","04","28","08:00","-10.1","","-13.1","","79","","0.0","","","M","","M","16.1","","102.64","","","","","","Snow"
"-82.43","52.93","ATTAWAPISKAT A","6010400","2018-04-28 09:00","2018","04","28","09:00","-8.9","","-12.5","","76","","0.0","","","M","","M","16.1","","102.65","","","","","","Snow"
"-82.43","52.93","ATTAWAPISKAT A","6010400","2018-04-28 10:00","2018","04","28","10:00","-7.7","","-12.5","","69","","0.0","","","M","","M","16.1","","102.62","","","","","","Snow"
"-82.43","52.93","ATTAWAPISKAT A","6010400","2018-04-28 11:00","2018","04","28","11:00","-6.0","","-11.7","","65","","0.0","","","M","","M","16.1","","102.57","","","","","","NA"
"-82.43","52.93","ATTAWAPISKAT A","6010400","2018-04-28 12:00","2018","04","28","12:00","-5.1","","-10.9","","64","","0.0","","","M","","M","16.1","","102.52","","","","","","NA"
"-82.43","52.93","ATTAWAPISKAT A","6010400","2018-04-28 13:00","2018","04","28","13:00","-3.6","","-10.8","","58","","0.0","","","M","","M","16.1","","102.48","","","","","","NA"
"-82.43","52.93","ATTAWAPISKAT A","6010400","2018-04-28 14:00","2018","04","28","14:00","-3.1","","-9.7","","60","","0.0","","","M","","M","16.1","","102.44","","","","","","NA"
"-82.43","52.93","ATTAWAPISKAT A","6010400","2018-04-28 15:00","2018","04","28","15:00","-2.6","","-9.2","","61","","0.0","","","M","","M","16.1","","102.42","","","","","","NA"
"-82.43","52.93","ATTAWAPISKAT A","6010400","2018-04-28 16:00","2018","04","28","16:00","-2.5","","-9.4","","59","","0.0","","","M","","M","16.1","","102.39","","","","","","NA"
"-82.43","52.93","ATTAWAPISKAT A","6010400","2018-04-28 17:00","2018","04","28","17:00","-2.7","","-9.1","","62","","0.0","","","M","","M","16.1","","102.36","","","","","","NA"
"-82.43","52.93","ATTAWAPISKAT A","6010400","2018-04-28 18:00","2018","04","28","18:00","-1.9","","-9.4","","57","","0.0","","","M","","M","16.1","","102.31","","","","","","NA"
"-82.43","52.93","ATTAWAPISKAT A","6010400","2018-04-28 19:00","2018","04","28","19:00","-2.3","","-9.3","","59","","0.0","","","M","","M","16.1","","102.29","","","","","","NA"
"-82.43","52.93","ATTAWAPISKAT A","6010400","2018-04-28 20:00","2018","04","28","20:00","-4.5","","-9.8","","67","","0.0","","","M","","M","16.1","","102.27","","","","","","NA"
"-82.43","52.93","ATTAWAPISKAT A","6010400","2018-04-28 21:00","2018","04","28","21:00","-5.7","","-9.8","","73","","0.0","","","M","","M","16.1","","102.29","","","","","","NA"
"-82.43","52.93","ATTAWAPISKAT A","6010400","2018-04-28 22:00","2018","04","28","22:00","-6.6","","-10.2","","76","","0.0","","","M","","M","16.1","","102.26","","","","","","NA"
"-82.43","52.93","ATTAWAPISKAT A","6010400","2018-04-28 23:00","2018","04","28","23:00","-7.3","","-10.2","","80","","0.0","","","M","","M","16.1","","102.21","","","","","","NA"
"-82.43","52.93","ATTAWAPISKAT A","6010400","2018-04-29 00:00","2018","04","29","00:00","-7.2","","-10.4","","78","","0.0","","","M","","M","16.1","","102.22","","","","","","NA"
"-82.43","52.93","ATTAWAPISKAT A","6010400","2018-04-29 01:00","2018","04","29","01:00","-6.3","","-10.3","","74","","0.0","","","M","","M","16.1","","102.15","","","","","","NA"
"-82.43","52.93","ATTAWAPISKAT A","6010400","2018-04-29 02:00","2018","04","29","02:00","-5.7","","-10.4","","69","","0.0","","","M","","M","16.1","","102.10","","","","","","NA"
"-82.43","52.93","ATTAWAPISKAT A","6010400","2018-04-29 03:00","2018","04","29","03:00","-5.3","","-10.5","","67","","0.0","","","M","","M","16.1","","102.08","","","","","","NA"
"-82.43","52.93","ATTAWAPISKAT A","6010400","2018-04-29 04:00","2018","04","29","04:00","-4.8","","-10.5","","65","","0.0","","","M","","M","16.1","","102.01","","","","","","NA"
"-82.43","52.93","ATTAWAPISKAT A","6010400","2018-04-29 05:00","2018","04","29","05:00","-4.2","","-9.9","","65","","0.0","","","M","","M","16.1","","101.95","","","","","","NA"
"-82.43","52.93","ATTAWAPISKAT A","6010400","2018-04-29 06:00","2018","04","29","06:00","-3.7","","-9.7","","63","","0.0","","","M","","M","16.1","","101.93","","","","","","NA"
"-82.43","52.93","ATTAWAPISKAT A","6010400","2018-04-29 07:00","2018","04","29","07:00","-2.1","","-9.0","","59","","0.0","","","M","","M","16.1","","101.87","","","","","","NA"
"-82.43","52.93","ATTAWAPISKAT A","6010400","2018-04-29 08:00","2018","04","29","08:00","0.5","","-8.6","","51","","0.0","","","M","","M","16.1","","101.75","","","","","","NA"
"-82.43","52.93","ATTAWAPISKAT A","6010400","2018-04-29 09:00","2018","04","29","09:00","3.0","","-7.1","","48","","0.0","","","M","","M","16.1","","101.68","","","","","","NA"
"-82.43","52.93","ATTAWAPISKAT A","6010400","2018-04-29 10:00","2018","04","29","10:00","5.5","","-8.4","","36","","0.0","","","M","","M","16.1","","101.56","","","","","","NA"
"-82.43","52.93","ATTAWAPISKAT A","6010400","2018-04-29 11:00","2018","04","29","11:00","7.6","","-7.4","","34","","0.0","","","M","","M","16.1","","101.48","","","","","","NA"
"-82.43","52.93","ATTAWAPISKAT A","6010400","2018-04-29 12:00","2018","04","29","12:00","8.6","","-5.2","","37","","0.0","","","M","","M","16.1","","101.38","","","","","","NA"
"-82.43","52.93","ATTAWAPISKAT A","6010400","2018-04-29 13:00","2018","04","29","13:00","9.9","","-6.0","","32","","0.0","","","M","","M","16.1","","101.28","","","","","","NA"
"-82.43","52.93","ATTAWAPISKAT A","6010400","2018-04-29 14:00","2018","04","29","14:00","11.1","","-5.1","","32","","0.0","","","M","","M","16.1","","101.19","","","","","","NA"
"-82.43","52.93","ATTAWAPISKAT A","6010400","2018-04-29 15:00","2018","04","29","15:00","11.5","","-5.3","","30","","0.0","","","M","","M","16.1","","101.09","","","","","","NA"
"-82.43","52.93","ATTAWAPISKAT A","6010400","2018-04-29 16:00","2018","04","29","16:00","12.1","","-4.6","","31","","0.0","","","M","","M","16.1","","101.01","","","","","","NA"
"-82.43","52.93","ATTAWAPISKAT A","6010400","2018-04-29 17:00","2018","04","29","17:00","12.6","","-4.2","","31","","0.0","","","M","","M","16.1","","100.92","","","","","","NA"
"-82.43","52.93","ATTAWAPISKAT A","6010400","2018-04-29 18:00","2018","04","29","18:00","12.5","","-4.3","","31","","0.0","","","M","","M","16.1","","100.86","","","","","","NA"
"-82.43","52.93","ATTAWAPISKAT A","6010400","2018-04-29 19:00","2018","04","29","19:00","11.4","","-3.8","","34","","0.0","","","M","","M","16.1","","100.83","","","","","","NA"
"-82.43","52.93","ATTAWAPISKAT A","6010400","2018-04-29 20:00","2018","04","29","20:00","9.6","","-3.3","","40","","0.0","","","M","","M","16.1","","100.82","","","","","","NA"
"-82.43","52.93","ATTAWAPISKAT A","6010400","2018-04-29 21:00","2018","04","29","21:00","8.7","","-3.0","","44","","0.0","","","M","","M","16.1","","100.82","","","","","","NA"
"-82.43","52.93","ATTAWAPISKAT A","6010400","2018-04-29 22:00","2018","04","29","22:00","7.6","","-3.1","","47","","0.0","","","M","","M","16.1","","100.83","","","","","","NA"
"-82.43","52.93","ATTAWAPISKAT A","6010400","2018-04-29 23:00","2018","04","29","23:00","7.5","","-3.4","","46","","0.0","","","M","","M","16.1","","100.82","","","","","","NA"
"-82.43","52.93","ATTAWAPISKAT A","6010400","2018-04-30 00:00","2018","04","30","00:00","6.9","","-3.3","","48","","0.0","","","M","","M","16.1","","100.82","","","","","","NA"
"-82.43","52.93","ATTAWAPISKAT A","6010400","2018-04-30 01:00","2018","04","30","01:00","6.1","","-3.6","","50","","0.0","","","M","","M","16.1","","100.81","","","","","","NA"
"-82.43","52.93","ATTAWAPISKAT A","6010400","2018-04-30 02:00","2018","04","30","02:00","5.4","","-3.8","","52","","0.0","","","M","","M","16.1","","100.80","","","","","","NA"
"-82.43","52.93","ATTAWAPISKAT A","6010400","2018-04-30 03:00","2018","04","30","03:00","4.9","","-3.9","","53","","0.0","","","M","","M","16.1","","100.74","","","","","","NA"
"-82.43","52.93","ATTAWAPISKAT A","6010400","2018-04-30 04:00","2018","04","30","04:00","4.3","","-3.9","","55","","0.0","","","M","","M","16.1","","100.70","","","","","","NA"
"-82.43","52.93","ATTAWAPISKAT A","6010400","2018-04-30 05:00","2018","04","30","05:00","3.9","","-4.0","","57","","0.0","","","M","","M","16.1","","100.68","","","","","","NA"
"-82.43","52.93","ATTAWAPISKAT A","6010400","2018-04-30 06:00","2018","04","30","06:00","4.0","","-3.7","","57","","0.0","","","M","","M","16.1","","100.70","","","","","","NA"
"-82.43","52.93","ATTAWAPISKAT A","6010400","2018-04-30 07:00","2018","04","30","07:00","5.7","","-3.6","","51","","0.0","","","M","","M","16.1","","100.71","","","","","","NA"
"-82.43","52.93","ATTAWAPISKAT A","6010400","2018-04-30 08:00","2018","04","30","08:00","7.7","","-3.5","","45","","0.0","","","M","","M","16.1","","100.69","","","","","","NA"
"-82.43","52.93","ATTAWAPISKAT A","6010400","2018-04-30 09:00","2018","04","30","09:00","9.0","","-2.9","","43","","0.0","","","M","","M","16.1","","100.65","","","","","","NA"
"-82.43","52.93","ATTAWAPISKAT A","6010400","2018-04-30 10:00","2018","04","30","10:00","10.3","","-2.7","","40","","0.0","","","M","","M","16.1","","100.62","","","","","","NA"
"-82.43","52.93","ATTAWAPISKAT A","6010400","2018-04-30 11:00","2018","04","30","11:00","11.4","","-2.5","","38","","0.0","","","M","","M","16.1","","100.59","","","","","","NA"
"-82.43","52.93","ATTAWAPISKAT A","6010400","2018-04-30 12:00","2018","04","30","12:00","12.2","","0.3","","44","","0.0","","","M","","M","12.9","","100.61","","","","","","NA"
"-82.43","52.93","ATTAWAPISKAT A","6010400","2018-04-30 13:00","2018","04","30","13:00","7.3","","1.5","","66","","0.0","","","M","","M","16.1","","100.65","","","","","","NA"
"-82.43","52.93","ATTAWAPISKAT A","6010400","2018-04-30 14:00","2018","04","30","14:00","6.0","","1.0","","70","","0.0","","","M","","M","16.1","","100.62","","","","","","NA"
"-82.43","52.93","ATTAWAPISKAT A","6010400","2018-04-30 15:00","2018","04","30","15:00","4.6","","1.0","","77","","0.0","","","M","","M","16.1","","100.62","","","","","","NA"
"-82.43","52.93","ATTAWAPISKAT A","6010400","2018-04-30 16:00","2018","04","30","16:00","3.1","","0.6","","84","","0.0","","","M","","M","16.1","","100.60","","","","","","NA"
"-82.43","52.93","ATTAWAPISKAT A","6010400","2018-04-30 17:00","2018","04","30","17:00","1.5","","0.0","","90","","0.0","","","M","","M","16.1","","100.64","","","","","","NA"
"-82.43","52.93","ATTAWAPISKAT A","6010400","2018-04-30 18:00","2018","04","30","18:00","1.4","","-0.1","","90","","0.0","","","M","","M","16.1","","100.67","","","","","","NA"
"-82.43","52.93","ATTAWAPISKAT A","6010400","2018-04-30 19:00","2018","04","30","19:00","0.7","","","M","","M","0.0","","","M","","M","16.1","","100.76","","","","","","Rain"
"-82.43","52.93","ATTAWAPISKAT A","6010400","2018-04-30 20:00","2018","04","30","20:00","0.3","","","M","","M","0.0","","","M","","M","16.1","","100.79","","","","","","Rain"
"-82.43","52.93","ATTAWAPISKAT A","6010400","2018-04-30 21:00","2018","04","30","21:00","0.0","","","M","","M","0.2","","","M","","M","16.1","","100.85","","","","","","Snow"
"-82.43","52.93","ATTAWAPISKAT A","6010400","2018-04-30 22:00","2018","04","30","22:00","-0.5","","-0.5","","100","","0.0","","","M","","M","16.1","","100.89","","","","","","Snow"
"-82.43","52.93","ATTAWAPISKAT A","6010400","2018-04-30 23:00","2018","04","30","23:00","-0.8","","-0.8","","100","","0.5","","","M","","M","16.1","","100.97","","","","","","Snow"
